# File generated by CMD 3.9 (http://stev.oapd.inaf.it/cmd) on Thu Jan 15 17:15:18 UTC 2026
# isochrones based on PARSEC release v1.2S +  COLIBRI S_37 + S_35 + PR16
# Basic references: Bressan et al. (2012), MNRAS, 427, 127 + Chen et al. (2014, 2015), MNRAS, 444, 2525 + MNRAS, 452, 1068 + Tang et al. (2014), MNRAS, 445, 4287 + Marigo et al. (2017), ApJ, 835, 77 + Pastorelli al. (2019), MNRAS, 485, 5666 + Pastorelli al. (2020), MNRAS, in press
# Thermal pulse cycles included 
# On RGB, assumed Reimers mass loss with efficiency eta=0.2
# LPV periods and growth rates added cf. Trabucchi et al. (2019)
# but fundamental-mode LPV periods + transition are from Trabucchi et al. (2021)
# Photometric system: <i>UBVRIJHK</i> (cf. Maiz-Apellaniz 2006 + Bessell 1990)
# Using YBC version of bolometric corrections as in Chen et al. (2019)
# O-rich circumstellar dpmod60alox40 dust from Groenewegen (2006)
# C-rich circumstellar AMCSIC15 dust from Groenewegen (2006)
# IMF: Kroupa (2001, 2002) + Kroupa et al. (2013) canonical two-part-power law IMF corrected for unresolved binaries 
# Kind of output: isochrone tables
# Zini     MH   logAge Mini        int_IMF         Mass   logL    logTe  logg  label   McoreTP C_O  period0  period1  period2  period3  period4  pmode  Mloss  tau1m   X   Y   Xc  Xn  Xo  Cexcess  Z 	 mbolmag  Umag    Bmag    Vmag    Rmag    Imag    Jmag    Hmag    Kmag
0.01471 0.00000 9.69897 0.0900000036 1.0816895926    0.090 -3.422  3.3632  5.220    1  0.000  0.545     0.00     0.00     0.00     0.00     0.00 -1  -3.9e-17      0.00 7.101e-01 2.751e-01 2.655e-03 7.163e-04 6.496e-03 -1.000 1.476e-02 13.326 22.631 19.988 18.146 15.985 13.732 11.235 10.619 10.333
0.01471 0.00000 9.69897 0.1000000015 1.1711064122    0.100 -3.238  3.3894  5.186    1  0.000  0.545     0.00     0.00     0.00     0.00     0.00 -1 -5.86e-17      0.00 7.100e-01 2.753e-01 2.655e-03 7.163e-04 6.496e-03 -1.000 1.476e-02 12.866 22.109 19.501 17.669 15.520 13.272 10.777 10.162 9.872
0.01471 0.00000 9.69897 0.1160571426 1.2927603455    0.116 -3.021  3.4182  5.148    1  0.000  0.545     0.00     0.00     0.00     0.00     0.00 -1 -9.38e-17      0.00 7.096e-01 2.756e-01 2.655e-03 7.163e-04 6.496e-03 -1.000 1.476e-02 12.322 21.401 18.863 17.047 14.932 12.706 10.238 9.625 9.329
0.01471 0.00000 9.69897 0.1200000048 1.3193154741    0.120 -2.972  3.4246  5.140    1  0.000  0.545     0.00     0.00     0.00     0.00     0.00 -1 -1.04e-16      0.00 7.095e-01 2.757e-01 2.655e-03 7.163e-04 6.496e-03 -1.000 1.476e-02 12.200 20.943 18.514 16.721 14.680 12.504 10.130 9.516 9.218
0.01471 0.00000 9.69897 0.1400000006 1.4384526719    0.140 -2.790  3.4445  5.103    1  0.000  0.545     0.00     0.00     0.00     0.00     0.00 -1 -1.53e-16      0.00 7.091e-01 2.761e-01 2.655e-03 7.163e-04 6.496e-03 -1.000 1.476e-02 11.744 19.431 17.320 15.613 13.804 11.795 9.721 9.104 8.805
0.01471 0.00000 9.69897 0.1547756493 1.5130890567    0.155 -2.684  3.4547  5.082    1  0.000  0.545     0.00     0.00     0.00     0.00     0.00 -1 -1.91e-16      0.00 7.089e-01 2.764e-01 2.655e-03 7.163e-04 6.496e-03 -1.000 1.476e-02 11.479 18.673 16.704 15.033 13.335 11.417 9.480 8.862 8.566
0.01471 0.00000 9.69897 0.1599999964 1.5372931554    0.160 -2.648  3.4581  5.075    1  0.000  0.545     0.00     0.00     0.00     0.00     0.00 -1 -2.05e-16      0.00 7.088e-01 2.765e-01 2.655e-03 7.163e-04 6.496e-03 -1.000 1.476e-02 11.391 18.425 16.502 14.841 13.180 11.293 9.401 8.782 8.487
0.01471 0.00000 9.69897 0.2000000030 1.6938790862    0.200 -2.432  3.4768  5.030    1  0.000  0.545     0.00     0.00     0.00     0.00     0.00 -1 -3.18e-16      0.00 7.081e-01 2.771e-01 2.655e-03 7.163e-04 6.496e-03 -1.000 1.476e-02 10.849 17.097 15.387 13.785 12.304 10.585 8.905 8.284 7.997
0.01471 0.00000 9.69897 0.2500000000 1.8403257998    0.250 -2.225  3.4932  4.986    1  0.000  0.545     0.00     0.00     0.00     0.00     0.00 -1 -4.81e-16      0.00 7.075e-01 2.777e-01 2.655e-03 7.163e-04 6.496e-03 -1.000 1.476e-02 10.333 15.996 14.433 12.865 11.517 9.952 8.430 7.807 7.530
0.01471 0.00000 9.69897 0.3000000119 1.9529139769    0.300 -2.064  3.5038  4.946    1  0.000  0.545     0.00     0.00     0.00     0.00     0.00 -1 -4.48e-16      0.00 7.073e-01 2.779e-01 2.655e-03 7.163e-04 6.496e-03 -1.000 1.476e-02 9.930 15.272 13.785 12.250 10.973 9.491 8.051 7.426 7.158
0.01471 0.00000 9.69897 0.3054707646 1.9637418295    0.305 -2.046  3.5048  4.940    1  0.000  0.545     0.00     0.00     0.00     0.00     0.00 -1 -5.03e-16      0.00 7.078e-01 2.775e-01 2.655e-03 7.163e-04 6.496e-03 -1.000 1.476e-02 9.885 15.197 13.718 12.186 10.916 9.442 8.009 7.383 7.116
0.01471 0.00000 9.69897 0.3500000238 2.0434175133    0.350 -1.909  3.5124  4.892    1  0.000  0.545     0.00     0.00     0.00     0.00     0.00 -1 -9.38e-16      0.00 7.105e-01 2.747e-01 2.655e-03 7.163e-04 6.496e-03 -1.000 1.476e-02 9.542 14.643 13.214 11.707 10.483 9.063 7.683 7.053 6.793
0.01471 0.00000 9.69897 0.3729372025 2.0794858335    0.373 -1.841  3.5176  4.873    1  0.000  0.545     0.00     0.00     0.00     0.00     0.00 -1 -1.09e-15      0.00 7.106e-01 2.747e-01 2.655e-03 7.163e-04 6.496e-03 -1.000 1.476e-02 9.372 14.346 12.941 11.448 10.252 8.871 7.526 6.893 6.637
0.01471 0.00000 9.69897 0.4000000358 2.1185024810    0.400 -1.765  3.5234  4.851    1  0.000  0.545     0.00     0.00     0.00     0.00     0.00 -1 -1.28e-15      0.00 7.106e-01 2.746e-01 2.655e-03 7.163e-04 6.496e-03 -1.000 1.476e-02 9.184 14.030 12.647 11.168 10.001 8.660 7.352 6.715 6.464
0.01471 0.00000 9.69897 0.4500000179 2.1822809362    0.450 -1.616  3.5356  4.801    1  0.000  0.545     0.00     0.00     0.00     0.00     0.00 -1  -1.8e-15      0.00 7.107e-01 2.745e-01 2.655e-03 7.163e-04 6.496e-03 -1.000 1.476e-02 8.810 13.424 12.071 10.620 9.508 8.246 7.008 6.363 6.121
0.01471 0.00000 9.69897 0.5000000000 2.2374541529    0.500 -1.459  3.5506  4.751    1  0.000  0.545     0.00     0.00     0.00     0.00     0.00 -1  -2.6e-15      0.00 7.107e-01 2.745e-01 2.655e-03 7.163e-04 6.496e-03 -1.000 1.476e-02 8.418 12.801 11.460 10.036 8.979 7.814 6.655 5.999 5.769
0.01471 0.00000 9.69897 0.5254464746 2.2622320726    0.525 -1.372  3.5607  4.725    1  0.000  0.545     0.00     0.00     0.00     0.00     0.00 -1  -3.2e-15      0.00 7.165e-01 2.690e-01 2.605e-03 7.028e-04 6.375e-03 -1.000 1.450e-02 8.200 12.453 11.107 9.694 8.670 7.572 6.463 5.800 5.578
0.01471 0.00000 9.69897 0.5500000119 2.2836582633    0.550 -1.291  3.5700  4.701    1  0.000  0.545     0.00     0.00     0.00     0.00     0.00 -1 -3.87e-15      0.00 7.224e-01 2.634e-01 2.554e-03 6.891e-04 6.250e-03 -1.000 1.421e-02 7.997 12.140 10.785 9.381 8.383 7.351 6.287 5.617 5.404
0.01471 0.00000 9.69897 0.6000000238 2.3211213258    0.600 -1.123  3.5939  4.667    1  0.000  0.545     0.00     0.00     0.00     0.00     0.00 -1 -5.66e-15      0.00 7.241e-01 2.617e-01 2.539e-03 6.853e-04 6.217e-03 -1.000 1.418e-02 7.578 11.468 10.085 8.714 7.775 6.900 5.931 5.243 5.063
0.01471 0.00000 9.69897 0.6499999762 2.3520353107    0.650 -0.954  3.6227  4.648    1  0.000  0.545     0.00     0.00     0.00     0.00     0.00 -1 -8.21e-15      0.00 7.258e-01 2.601e-01 2.526e-03 6.818e-04 6.185e-03 -1.000 1.410e-02 7.156 10.749 9.330 8.041 7.170 6.452 5.574 4.884 4.749
0.01471 0.00000 9.69897 0.7000000477 2.3779267258    0.700 -0.792  3.6521  4.635    1  0.000  0.544     0.00     0.00     0.00     0.00     0.00 -1 -1.17e-14      0.00 7.274e-01 2.586e-01 2.514e-03 6.785e-04 6.156e-03 -1.000 1.397e-02 6.749 9.849 8.534 7.375 6.597 6.028 5.245 4.597 4.499
0.01471 0.00000 9.69897 0.7274598479 2.3904178756    0.727 -0.705  3.6681  4.629    1  0.000  0.540     0.00     0.00     0.00     0.00     0.00 -1 -1.41e-14      0.00 7.284e-01 2.577e-01 2.488e-03 6.759e-04 6.138e-03 -1.000 1.393e-02 6.532 9.263 8.104 7.027 6.313 5.800 5.074 4.474 4.388
0.01471 0.00000 9.69897 0.7500000000 2.3998889087    0.750 -0.635  3.6808  4.623    1  0.000  0.537     0.00     0.00     0.00     0.00     0.00 -1 -1.64e-14      0.00 7.291e-01 2.570e-01 2.467e-03 6.739e-04 6.125e-03 -1.000 1.393e-02 6.358 8.792 7.776 6.761 6.098 5.619 4.940 4.384 4.304
0.01471 0.00000 9.69897 0.7897556424 2.4150882478    0.790 -0.520  3.6983  4.600    1  0.000  0.537     0.00     0.00     0.00     0.00     0.00 -1 -2.14e-14      0.00 7.310e-01 2.551e-01 2.452e-03 6.698e-04 6.087e-03 -1.000 1.385e-02 6.070 8.142 7.304 6.367 5.770 5.330 4.710 4.205 4.134
0.01471 0.00000 9.69897 0.8000000119 2.4187244405    0.800 -0.491  3.7027  4.594    1  0.000  0.537     0.00     0.00     0.00     0.00     0.00 -1 -2.28e-14      0.00 7.315e-01 2.547e-01 2.448e-03 6.688e-04 6.078e-03 -1.000 1.384e-02 5.997 7.981 7.189 6.271 5.689 5.258 4.652 4.161 4.092
0.01471 0.00000 9.69897 0.8040416241 2.4201297140    0.804 -0.479  3.7044  4.592    1  0.000  0.537     0.00     0.00     0.00     0.00     0.00 -1 -2.35e-14      0.00 7.317e-01 2.544e-01 2.446e-03 6.683e-04 6.073e-03 -1.000 1.383e-02 5.968 7.920 7.145 6.233 5.657 5.229 4.629 4.143 4.074
0.01471 0.00000 9.69897 0.8417391181 2.4324932861    0.841 -0.373  3.7197  4.567    1  0.000  0.537     0.00     0.00     0.00     0.00     0.00 -1 -3.01e-14      0.00 7.339e-01 2.524e-01 2.429e-03 6.638e-04 6.032e-03 -1.000 1.374e-02 5.703 7.365 6.745 5.896 5.370 4.970 4.420 3.977 3.915
0.01471 0.00000 9.69897 0.8500000238 2.4350346840    0.849 -0.350  3.7230  4.561    1  0.000  0.537     0.00     0.00     0.00     0.00     0.00 -1 -3.18e-14      0.00 7.343e-01 2.519e-01 2.425e-03 6.628e-04 6.024e-03 -1.000 1.372e-02 5.645 7.251 6.663 5.826 5.310 4.915 4.375 3.940 3.879
0.01471 0.00000 9.69897 0.8577783704 2.4373762420    0.857 -0.329  3.7259  4.555    1  0.000  0.537     0.00     0.00     0.00     0.00     0.00 -1 -3.35e-14      0.00 7.349e-01 2.514e-01 2.421e-03 6.616e-04 6.013e-03 -1.000 1.369e-02 5.592 7.147 6.588 5.761 5.253 4.862 4.331 3.905 3.845
0.01471 0.00000 9.69897 0.8906763792 2.4467617491    0.890 -0.238  3.7378  4.528    1  0.000  0.537     0.00     0.00     0.00     0.00     0.00 -1 -4.18e-14      0.00 7.373e-01 2.492e-01 2.402e-03 6.565e-04 5.968e-03 -1.000 1.354e-02 5.365 6.719 6.271 5.491 5.017 4.646 4.152 3.757 3.701
0.01471 0.00000 9.69897 0.8999999762 2.4492786016    0.899 -0.213  3.7411  4.521    1  0.000  0.537     0.00     0.00     0.00     0.00     0.00 -1 -4.45e-14      0.00 7.380e-01 2.485e-01 2.396e-03 6.550e-04 5.954e-03 -1.000 1.352e-02 5.301 6.600 6.183 5.417 4.952 4.587 4.102 3.715 3.661
0.01471 0.00000 9.69897 0.9001045823 2.4493064995    0.899 -0.212  3.7411  4.521    1  0.000  0.537     0.00     0.00     0.00     0.00     0.00 -1 -4.45e-14      0.00 7.380e-01 2.485e-01 2.396e-03 6.550e-04 5.954e-03 -1.000 1.352e-02 5.301 6.599 6.182 5.416 4.951 4.586 4.102 3.715 3.661
0.01471 0.00000 9.69897 0.9188413024 2.4541858845    0.918 -0.161  3.7472  4.503    1  0.000  0.536     0.00     0.00     0.00     0.00     0.00 -1 -5.06e-14      0.00 7.397e-01 2.469e-01 2.382e-03 6.513e-04 5.921e-03 -1.000 1.345e-02 5.172 6.360 6.009 5.270 4.823 4.468 4.001 3.628 3.577
0.01471 0.00000 9.69897 0.9364040494 2.4585562453    0.936 -0.113  3.7528  4.485    1  0.000  0.536     0.00     0.00     0.00     0.00     0.00 -1 -5.72e-14      0.00 7.413e-01 2.453e-01 2.369e-03 6.478e-04 5.889e-03 -1.000 1.339e-02 5.052 6.148 5.852 5.135 4.704 4.357 3.906 3.545 3.498
0.01471 0.00000 9.69897 0.9499999881 2.4618121868    0.949 -0.076  3.7569  4.471    1  0.000  0.536     0.00     0.00     0.00     0.00     0.00 -1 -6.29e-14      0.00 7.426e-01 2.440e-01 2.359e-03 6.449e-04 5.864e-03 -1.000 1.335e-02 4.959 5.992 5.733 5.033 4.613 4.272 3.832 3.481 3.435
0.01471 0.00000 9.69897 0.9528847933 2.4624893101    0.952 -0.068  3.7577  4.468    1  0.000  0.536     0.00     0.00     0.00     0.00     0.00 -1 -6.42e-14      0.00 7.430e-01 2.437e-01 2.356e-03 6.442e-04 5.857e-03 -1.000 1.333e-02 4.940 5.959 5.708 5.011 4.593 4.254 3.816 3.466 3.421
0.01471 0.00000 9.69897 0.9682344198 2.4660142902    0.968 -0.026  3.7620  4.449    1  0.000  0.536     0.00     0.00     0.00     0.00     0.00 -1 -7.16e-14      0.00 7.449e-01 2.418e-01 2.340e-03 6.400e-04 5.820e-03 -1.000 1.327e-02 4.834 5.791 5.575 4.896 4.490 4.157 3.730 3.390 3.347
0.01471 0.00000 9.69897 0.9827630520 2.4692343467    0.982  0.014  3.7659  4.432    1  0.000  0.536     0.00     0.00     0.00     0.00     0.00 -1 -7.96e-14      0.00 7.468e-01 2.400e-01 2.325e-03 6.359e-04 5.783e-03 -1.000 1.320e-02 4.735 5.637 5.451 4.789 4.392 4.066 3.650 3.318 3.277
0.01471 0.00000 9.69897 0.9971202612 2.4723106317    0.997  0.053  3.7695  4.413    1  0.000  0.536     0.00     0.00     0.00     0.00     0.00 -1 -8.83e-14      0.00 7.488e-01 2.381e-01 2.309e-03 6.316e-04 5.745e-03 -1.000 1.312e-02 4.636 5.488 5.330 4.684 4.296 3.976 3.569 3.246 3.206
0.01471 0.00000 9.69897 1.0000000000 2.4729154477    1.000  0.061  3.7703  4.410    1  0.000  0.536     0.00     0.00     0.00     0.00     0.00 -1 -9.02e-14      0.00 7.492e-01 2.377e-01 2.306e-03 6.307e-04 5.737e-03 -1.000 1.310e-02 4.617 5.459 5.305 4.662 4.277 3.958 3.553 3.231 3.192
0.01471 0.00000 9.69897 1.0122416019 2.4754423765    1.012  0.095  3.7731  4.392    1  0.000  0.536     0.00     0.00     0.00     0.00     0.00 -1  -9.7e-14      0.00 7.515e-01 2.355e-01 2.288e-03 6.259e-04 5.694e-03 -1.000 1.299e-02 4.532 5.337 5.203 4.573 4.195 3.880 3.483 3.168 3.129
0.01471 0.00000 9.69897 1.0261754990 2.4782344251    1.026  0.134  3.7762  4.372    1  0.000  0.536     0.00     0.00     0.00     0.00     0.00 -1 -1.06e-13      0.00 7.542e-01 2.330e-01 2.266e-03 6.201e-04 5.642e-03 -1.000 1.286e-02 4.436 5.202 5.088 4.471 4.101 3.792 3.402 3.094 3.057
0.01471 0.00000 9.69897 1.0397922993 2.4808799599    1.039  0.171  3.7790  4.351    1  0.000  0.535     0.00     0.00     0.00     0.00     0.00 -1 -1.15e-13      0.00 7.569e-01 2.304e-01 2.244e-03 6.142e-04 5.589e-03 -1.000 1.272e-02 4.342 5.072 4.976 4.373 4.009 3.704 3.323 3.020 2.984
0.01471 0.00000 9.69897 1.0499999523 2.4828114860    1.049  0.200  3.7810  4.335    1  0.000  0.535     0.00     0.00     0.00     0.00     0.00 -1 -1.22e-13      0.00 7.590e-01 2.283e-01 2.227e-03 6.096e-04 5.548e-03 -1.000 1.264e-02 4.271 4.979 4.894 4.299 3.940 3.639 3.262 2.963 2.929
0.01471 0.00000 9.69897 1.0531873703 2.4834058051    1.052  0.208  3.7815  4.330    1  0.000  0.535     0.00     0.00     0.00     0.00     0.00 -1 -1.25e-13      0.00 7.599e-01 2.275e-01 2.220e-03 6.077e-04 5.530e-03 -1.000 1.260e-02 4.249 4.951 4.869 4.276 3.919 3.618 3.243 2.946 2.911
0.01471 0.00000 9.69897 1.0660396814 2.4857608106    1.065  0.243  3.7836  4.308    1  0.000  0.535     0.00     0.00     0.00     0.00     0.00 -1 -1.35e-13      0.00 7.636e-01 2.239e-01 2.191e-03 5.999e-04 5.460e-03 -1.000 1.248e-02 4.162 4.842 4.770 4.186 3.834 3.537 3.166 2.873 2.839
0.01471 0.00000 9.69897 1.0784500837 2.4879736904    1.077  0.276  3.7851  4.287    1  0.000  0.535     0.00     0.00     0.00     0.00     0.00 -1 -1.45e-13      0.00 7.672e-01 2.205e-01 2.163e-03 5.923e-04 5.392e-03 -1.000 1.231e-02 4.080 4.745 4.679 4.103 3.754 3.460 3.093 2.803 2.770
0.01471 0.00000 9.69897 1.0899400711 2.4899708723    1.089  0.306  3.7863  4.267    1  0.000  0.535     0.00     0.00     0.00     0.00     0.00 -1 -1.56e-13      0.00 7.704e-01 2.174e-01 2.138e-03 5.855e-04 5.331e-03 -1.000 1.217e-02 4.006 4.659 4.598 4.027 3.681 3.389 3.024 2.737 2.704
0.01471 0.00000 9.69897 1.1000000238 2.4916801480    1.099  0.334  3.7874  4.247    1  0.000  0.534     0.00     0.00     0.00     0.00     0.00 -1 -1.66e-13      0.00 7.730e-01 2.150e-01 2.118e-03 5.802e-04 5.284e-03 -1.000 1.205e-02 3.936 4.578 4.521 3.956 3.612 3.321 2.960 2.675 2.642
0.01471 0.00000 9.69897 1.1066854000 2.4927963084    1.105  0.352  3.7881  4.233    1  0.000  0.534     0.00     0.00     0.00     0.00     0.00 -1 -1.74e-13      0.00 7.733e-01 2.147e-01 2.118e-03 5.805e-04 5.286e-03 -1.000 1.205e-02 3.889 4.524 4.470 3.908 3.566 3.276 2.916 2.633 2.601
0.01471 0.00000 9.69897 1.1222512722 2.4953359603    1.121  0.399  3.7897  4.200    1  0.000  0.534     0.00     0.00     0.00     0.00     0.00 -1 -1.94e-13      0.00 7.718e-01 2.161e-01 2.137e-03 5.859e-04 5.333e-03 -1.000 1.213e-02 3.773 4.392 4.344 3.789 3.452 3.165 2.809 2.529 2.497
0.01471 0.00000 9.69897 1.1240383387 2.4956223574    1.123  0.404  3.7899  4.196    1  0.000  0.534     0.00     0.00     0.00     0.00     0.00 -1 -1.97e-13      0.00 7.716e-01 2.163e-01 2.139e-03 5.866e-04 5.339e-03 -1.000 1.214e-02 3.760 4.377 4.330 3.776 3.439 3.152 2.796 2.517 2.485
0.01471 0.00000 9.69897 1.1352924109 2.4974021462    1.134  0.439  3.7906  4.168    1  0.000  0.534     0.00     0.00     0.00     0.00     0.00 -1 -2.14e-13      0.00 7.702e-01 2.175e-01 2.154e-03 5.911e-04 5.379e-03 -1.000 1.226e-02 3.673 4.284 4.238 3.688 3.353 3.067 2.713 2.435 2.404
0.01471 0.00000 9.69897 1.1484307051 2.4994292499    1.147  0.481  3.7911  4.133    1  0.000  0.534     0.00     0.00     0.00     0.00     0.00 -1 -2.39e-13      0.00 7.689e-01 2.188e-01 2.170e-03 5.957e-04 5.418e-03 -1.000 1.235e-02 3.569 4.176 4.131 3.583 3.249 2.964 2.611 2.335 2.303
0.01471 0.00000 9.69897 1.1499999762 2.4996678137    1.149  0.486  3.7910  4.129    1  0.000  0.534     0.00     0.00     0.00     0.00     0.00 -1 -2.42e-13      0.00 7.687e-01 2.189e-01 2.172e-03 5.962e-04 5.423e-03 -1.000 1.236e-02 3.556 4.164 4.118 3.570 3.236 2.951 2.598 2.321 2.290
0.01471 0.00000 9.69897 1.1568167210 2.5006954761    1.155  0.508  3.7905  4.107    1  0.000  0.534     0.00     0.00     0.00     0.00     0.00 -1 -2.57e-13      0.00 7.681e-01 2.195e-01 2.179e-03 5.979e-04 5.442e-03 -1.000 1.239e-02 3.500 4.113 4.064 3.514 3.180 2.894 2.540 2.262 2.231
0.01471 0.00000 9.69897 1.1620479822 2.5014747219    1.161  0.530  3.7901  4.086    1  0.000  0.534     0.00     0.00     0.00     0.00     0.00 -1 -2.74e-13      0.00 7.675e-01 2.200e-01 2.186e-03 5.995e-04 5.462e-03 -1.000 1.245e-02 3.446 4.063 4.011 3.461 3.125 2.839 2.484 2.206 2.174
0.01471 0.00000 9.69897 1.1638226509 2.5017372463    1.162  0.539  3.7901  4.076    1  0.000  0.534     0.00     0.00     0.00     0.00     0.00 -1 -2.83e-13      0.00 7.673e-01 2.203e-01 2.189e-03 6.002e-04 5.469e-03 -1.000 1.245e-02 3.422 4.039 3.987 3.436 3.101 2.815 2.459 2.181 2.149
0.01471 0.00000 9.69897 1.1676127911 2.5022948448    1.166  0.553  3.7893  4.060    2  0.000  0.534     0.00     0.00     0.00     0.00     0.00 -1 -2.94e-13      0.00 7.666e-01 2.209e-01 2.196e-03 6.020e-04 5.488e-03 -1.000 1.248e-02 3.387 4.012 3.956 3.402 3.065 2.778 2.420 2.140 2.108
0.01471 0.00000 9.69897 1.1715980768 2.5028766803    1.170  0.566  3.7883  4.046    2  0.000  0.534     0.00     0.00     0.00     0.00     0.00 -1 -3.05e-13      0.00 7.654e-01 2.220e-01 2.207e-03 6.048e-04 5.516e-03 -1.000 1.254e-02 3.356 3.990 3.930 3.372 3.033 2.745 2.384 2.103 2.070
0.01471 0.00000 9.69897 1.1762192249 2.5035456753    1.175  0.580  3.7871  4.028    2  0.000  0.534     0.00     0.00     0.00     0.00     0.00 -1 -3.18e-13      0.00 7.638e-01 2.236e-01 2.221e-03 6.082e-04 5.549e-03 -1.000 1.263e-02 3.320 3.966 3.899 3.337 2.996 2.706 2.343 2.059 2.026
0.01471 0.00000 9.69897 1.1821351051 2.5043933334    1.181  0.599  3.7854  4.005    2  0.000  0.534     0.00     0.00     0.00     0.00     0.00 -1 -3.36e-13      0.00 7.622e-01 2.251e-01 2.235e-03 6.115e-04 5.584e-03 -1.000 1.270e-02 3.273 3.936 3.861 3.292 2.947 2.654 2.287 1.999 1.965
0.01471 0.00000 9.69897 1.1881049871 2.5052388956    1.187  0.619  3.7831  3.978    2  0.000  0.533     0.00     0.00     0.00     0.00     0.00 -1 -3.58e-13      0.00 7.616e-01 2.257e-01 2.240e-03 6.128e-04 5.599e-03 -1.000 1.273e-02 3.223 3.909 3.824 3.245 2.896 2.599 2.226 1.934 1.899
0.01471 0.00000 9.69897 1.1945784092 2.5061448037    1.193  0.641  3.7798  3.945    2  0.000  0.533     0.00     0.00     0.00     0.00     0.00 -1 -3.85e-13      0.00 7.620e-01 2.253e-01 2.240e-03 6.122e-04 5.599e-03 -1.000 1.273e-02 3.169 3.888 3.786 3.194 2.838 2.536 2.155 1.856 1.820
0.01471 0.00000 9.69897 1.2000000477 2.5068948796    1.199  0.656  3.7748  3.912    2  0.000  0.534     0.00     0.00     0.00     0.00     0.00 -1 -4.09e-13      0.00 7.542e-01 2.327e-01 2.293e-03 6.261e-04 5.727e-03 -1.000 1.306e-02 3.130 3.906 3.777 3.163 2.796 2.486 2.092 1.782 1.744
0.01471 0.00000 9.69897 1.2025219202 2.5072411278    1.201  0.661  3.7721  3.897    2  0.000  0.534     0.00     0.00     0.00     0.00     0.00 -1 -4.19e-13      0.00 7.505e-01 2.363e-01 2.319e-03 6.331e-04 5.791e-03 -1.000 1.322e-02 3.117 3.924 3.780 3.155 2.781 2.467 2.065 1.749 1.710
0.01471 0.00000 9.69897 1.2095718384 2.5082002653    1.208  0.655  3.7571  3.846    2  0.000  0.535     0.00     0.00     0.00     0.00     0.00 -1 -4.32e-13      0.00 7.359e-01 2.503e-01 2.429e-03 6.620e-04 6.053e-03 -1.000 1.377e-02 3.133 4.125 3.889 3.201 2.792 2.453 2.011 1.661 1.615
0.01471 0.00000 9.69897 1.2130998373 2.5086754373    1.212  0.633  3.7444  3.818    2  0.000  0.535     0.00     0.00     0.00     0.00     0.00 -1 -4.22e-13      0.00 7.284e-01 2.575e-01 2.485e-03 6.769e-04 6.189e-03 -1.000 1.406e-02 3.186 4.355 4.025 3.286 2.847 2.488 2.009 1.628 1.577
0.01471 0.00000 9.69897 1.2152205706 2.5089595439    1.214  0.615  3.7350  3.799    2  0.000  0.536     0.00     0.00     0.00     0.00     0.00 -1 -4.11e-13      0.00 7.244e-01 2.613e-01 2.515e-03 6.848e-04 6.260e-03 -1.000 1.422e-02 3.233 4.539 4.136 3.361 2.899 2.525 2.017 1.612 1.558
0.01471 0.00000 9.69897 1.2169845104 2.5091949851    1.216  0.602  3.7268  3.780    2  0.000  0.536     0.00     0.00     0.00     0.00     0.00 -1 -4.06e-13      0.00 7.217e-01 2.639e-01 2.534e-03 6.898e-04 6.306e-03 -1.000 1.431e-02 3.266 4.694 4.227 3.421 2.939 2.551 2.018 1.591 1.534
0.01471 0.00000 9.69897 1.2186111212 2.5094114017    1.217  0.595  3.7195  3.758    2  0.000  0.536     0.00     0.00     0.00     0.00     0.00 -1 -4.08e-13      0.00 7.197e-01 2.659e-01 2.548e-03 6.935e-04 6.339e-03 -1.000 1.436e-02 3.281 4.824 4.298 3.463 2.962 2.562 2.006 1.559 1.499
0.01471 0.00000 9.69897 1.2205044031 2.5096624631    1.219  0.602  3.7124  3.724    2  0.000  0.536     0.00     0.00     0.00     0.00     0.00 -1 -4.27e-13      0.00 7.177e-01 2.679e-01 2.560e-03 6.966e-04 6.369e-03 -1.000 1.444e-02 3.265 4.924 4.336 3.475 2.956 2.543 1.963 1.496 1.434
0.01471 0.00000 9.69897 1.2226231098 2.5099423573    1.221  0.626  3.7066  3.678    2  0.000  0.536     0.00     0.00     0.00     0.00     0.00 -1 -4.71e-13      0.00 7.155e-01 2.700e-01 2.570e-03 6.994e-04 6.394e-03 -1.000 1.448e-02 3.206 4.962 4.324 3.440 2.906 2.483 1.884 1.400 1.335
0.01471 0.00000 9.69897 1.2234137058 2.5100465143    1.222  0.637  3.7048  3.659    2  0.000  0.536     0.00     0.00     0.00     0.00     0.00 -1 -4.93e-13      0.00 7.147e-01 2.708e-01 2.573e-03 7.004e-04 6.402e-03 -1.000 1.451e-02 3.177 4.963 4.310 3.420 2.881 2.454 1.849 1.360 1.294
0.01471 0.00000 9.69897 1.2247256041 2.5102190090    1.223  0.662  3.7028  3.627    3  0.000  0.534     0.00     0.00     0.00     0.00     0.00 -1 -5.41e-13      0.00 7.131e-01 2.723e-01 2.568e-03 7.039e-04 6.412e-03 -1.000 1.456e-02 3.115 4.932 4.265 3.366 2.822 2.392 1.780 1.285 1.218
0.01471 0.00000 9.69897 1.2266324759 2.5104689774    1.225  0.701  3.7003  3.578    3  0.000  0.526     0.00     0.00     0.00     0.00     0.00 -1 -6.22e-13      0.00 7.106e-01 2.748e-01 2.536e-03 7.302e-04 6.426e-03 -1.000 1.460e-02 3.016 4.872 4.187 3.279 2.729 2.294 1.673 1.171 1.103
0.01471 0.00000 9.69897 1.2285892963 2.5107245659    1.227  0.746  3.6982  3.525    3  0.000  0.506     0.00     0.00     0.00     0.00     0.00 -1 -7.28e-13      0.00 7.076e-01 2.778e-01 2.446e-03 8.170e-04 6.438e-03 -1.000 1.463e-02 2.904 4.792 4.092 3.176 2.622 2.182 1.553 1.045 0.976
0.01471 0.00000 9.69897 1.2301999331 2.5109342365    1.229  0.787  3.6967  3.480    3  0.000  0.482     0.00     0.00     0.00     0.00     0.00 -1 -8.38e-13      0.00 7.048e-01 2.805e-01 2.330e-03 9.536e-04 6.446e-03 -1.000 1.470e-02 2.804 4.717 4.005 3.083 2.525 2.083 1.448 0.935 0.866
0.01471 0.00000 9.69897 1.2319903374 2.5111665693    1.231  0.835  3.6951  3.425    3  0.000  0.457     0.00     0.00     0.00     0.00     0.00 -1 -9.93e-13      0.00 7.017e-01 2.836e-01 2.216e-03 1.097e-03 6.454e-03 -1.000 1.471e-02 2.682 4.626 3.899 2.969 2.407 1.962 1.321 0.804 0.734
0.01471 0.00000 9.69897 1.2333545685 2.5113430788    1.232  0.875  3.6938  3.381    3  0.000  0.444     0.00     0.00     0.00     0.00     0.00 -1 -1.14e-12      0.00 6.995e-01 2.858e-01 2.153e-03 1.176e-03 6.458e-03 -1.000 1.475e-02 2.582 4.550 3.811 2.875 2.309 1.862 1.217 0.695 0.625
0.01471 0.00000 9.69897 1.2349249125 2.5115457009    1.233  0.925  3.6923  3.325    3  0.000  0.433     0.00     0.00     0.00     0.00     0.00 -1 -1.36e-12      0.00 6.972e-01 2.880e-01 2.098e-03 1.245e-03 6.463e-03 -1.000 1.474e-02 2.458 4.455 3.702 2.757 2.188 1.737 1.087 0.561 0.490
0.01471 0.00000 9.69897 1.2360713482 2.5116932521    1.235  0.964  3.6910  3.281    3  0.000  0.427     0.00     0.00     0.00     0.00     0.00 -1 -1.57e-12      0.00 6.958e-01 2.894e-01 2.069e-03 1.283e-03 6.465e-03 -1.000 1.476e-02 2.359 4.380 3.615 2.664 2.092 1.639 0.983 0.454 0.383
0.01471 0.00000 9.69897 1.2374322414 2.5118679968    1.236  1.015  3.6892  3.224    3  0.000  0.421     0.00     0.00     0.00     0.00     0.00 -1 -1.87e-12      0.00 6.945e-01 2.907e-01 2.043e-03 1.316e-03 6.468e-03 -1.000 1.476e-02 2.232 4.285 3.506 2.545 1.969 1.512 0.850 0.316 0.244
0.01471 0.00000 9.69897 1.2385753393 2.5120144345    1.237  1.062  3.6875  3.170    3  0.000  0.418     0.00     0.00     0.00     0.00     0.00 -1 -2.21e-12      0.00 6.936e-01 2.916e-01 2.026e-03 1.336e-03 6.469e-03 -1.000 1.476e-02 2.114 4.201 3.406 2.437 1.856 1.395 0.727 0.188 0.115
0.01471 0.00000 9.69897 1.2396628857 2.5121534674    1.238  1.111  3.6856  3.114    3  0.000  0.415     0.00     0.00     0.00     0.00     0.00 -1 -2.64e-12      0.00 6.929e-01 2.923e-01 2.014e-03 1.351e-03 6.470e-03 -1.000 1.476e-02 1.992 4.116 3.303 2.324 1.738 1.273 0.598 0.054 -0.020
0.01471 0.00000 9.69897 1.2406394482 2.5122780732    1.239  1.160  3.6836  3.058    3  0.000  0.414     0.00     0.00     0.00     0.00     0.00 -1 -3.14e-12      0.00 6.925e-01 2.927e-01 2.008e-03 1.360e-03 6.471e-03 -1.000 1.476e-02 1.871 4.034 3.202 2.213 1.622 1.153 0.470 -0.080 -0.155
0.01471 0.00000 9.69897 1.2415394783 2.5123927141    1.240  1.209  3.6815  3.000    3  0.000  0.413     0.00     0.00     0.00     0.00     0.00 -1 -3.74e-12      0.00 6.923e-01 2.929e-01 2.004e-03 1.365e-03 6.472e-03 -1.000 1.476e-02 1.747 3.953 3.100 2.101 1.504 1.030 0.340 -0.216 -0.292
0.01471 0.00000 9.69897 1.2423093319 2.5124906223    1.241  1.255  3.6795  2.946    3  0.000  0.412     0.00     0.00     0.00     0.00     0.00 -1 -4.43e-12      0.00 6.922e-01 2.930e-01 2.001e-03 1.368e-03 6.472e-03 -1.000 1.476e-02 1.631 3.878 3.005 1.996 1.393 0.916 0.218 -0.345 -0.422
0.01471 0.00000 9.69897 1.2430167198 2.5125804633    1.241  1.302  3.6773  2.891    3  0.000  0.412     0.00     0.00     0.00     0.00     0.00 -1 -5.25e-12      0.00 6.922e-01 2.931e-01 2.000e-03 1.369e-03 6.472e-03 -1.000 1.476e-02 1.514 3.806 2.911 1.892 1.283 0.800 0.094 -0.475 -0.553
0.01471 0.00000 9.69897 1.2436518669 2.5126610293    1.242  1.348  3.6751  2.837    3  0.000  0.412     0.00     0.00     0.00     0.00     0.00 -1  -6.2e-12      0.00 6.922e-01 2.930e-01 2.000e-03 1.369e-03 6.472e-03 -1.000 1.476e-02 1.400 3.737 2.819 1.790 1.175 0.688 -0.027 -0.603 -0.683
0.01471 0.00000 9.69897 1.2442355156 2.5127349796    1.242  1.394  3.6728  2.782    3  0.000  0.412     0.00     0.00     0.00     0.00     0.00 -1 -7.32e-12      0.00 6.922e-01 2.930e-01 2.000e-03 1.370e-03 6.473e-03 -1.000 1.476e-02 1.286 3.670 2.729 1.689 1.068 0.575 -0.148 -0.731 -0.812
0.01471 0.00000 9.69897 1.2447546721 2.5128006914    1.243  1.437  3.6706  2.730    3  0.000  0.412     0.00     0.00     0.00     0.00     0.00 -1 -8.59e-12      0.00 6.922e-01 2.930e-01 1.999e-03 1.370e-03 6.473e-03 -1.000 1.476e-02 1.177 3.606 2.643 1.593 0.965 0.468 -0.264 -0.853 -0.936
0.01471 0.00000 9.69897 1.2452338934 2.5128612926    1.243  1.480  3.6683  2.678    3  0.000  0.412     0.00     0.00     0.00     0.00     0.00 -1 -1.01e-11      0.00 6.922e-01 2.930e-01 1.999e-03 1.370e-03 6.473e-03 -1.000 1.476e-02 1.069 3.547 2.560 1.499 0.865 0.363 -0.378 -0.974 -1.058
0.01471 0.00000 9.69897 1.2456842661 2.5129181968    1.244  1.523  3.6661  2.626    3  0.000  0.412     0.00     0.00     0.00     0.00     0.00 -1 -1.18e-11      0.00 6.922e-01 2.930e-01 1.999e-03 1.371e-03 6.473e-03 -1.000 1.476e-02 0.963 3.490 2.479 1.407 0.766 0.259 -0.491 -1.094 -1.179
0.01471 0.00000 9.69897 1.2461171150 2.5129728422    1.244  1.563  3.6638  2.577    3  0.000  0.412     0.00     0.00     0.00     0.00     0.00 -1 -1.36e-11      0.00 6.922e-01 2.930e-01 1.999e-03 1.371e-03 6.473e-03 -1.000 1.476e-02 0.863 3.438 2.403 1.321 0.674 0.161 -0.597 -1.207 -1.294
0.01471 0.00000 9.69897 1.2466630936 2.5130417076    1.244  1.600  3.6619  2.533    3  0.000  0.412     0.00     0.00     0.00     0.00     0.00 -1 -1.56e-11      0.00 6.922e-01 2.930e-01 1.998e-03 1.371e-03 6.473e-03 -1.000 1.476e-02 0.771 3.387 2.333 1.241 0.588 0.071 -0.695 -1.311 -1.399
0.01471 0.00000 9.69897 1.2467762232 2.5130559682    1.245  1.605  3.6616  2.526    3  0.000  0.412     0.00     0.00     0.00     0.00     0.00 -1  -1.6e-11      0.00 6.922e-01 2.930e-01 1.998e-03 1.371e-03 6.473e-03 -1.000 1.476e-02 0.757 3.379 2.321 1.229 0.575 0.058 -0.709 -1.327 -1.415
0.01471 0.00000 9.69897 1.2470190525 2.5130865681    1.245  1.591  3.6626  2.544    3  0.000  0.411     0.00     0.00     0.00     0.00     0.00 -1 -1.53e-11      0.00 6.922e-01 2.930e-01 1.998e-03 1.371e-03 6.473e-03 -1.000 1.476e-02 0.791 3.393 2.345 1.257 0.606 0.091 -0.672 -1.286 -1.374
0.01471 0.00000 9.69897 1.2473242283 2.5131250051    1.245  1.553  3.6652  2.593    3  0.000  0.411     0.00     0.00     0.00     0.00     0.00 -1 -1.33e-11      0.00 6.922e-01 2.930e-01 1.998e-03 1.372e-03 6.473e-03 -1.000 1.476e-02 0.888 3.434 2.414 1.338 0.695 0.185 -0.568 -1.174 -1.260
0.01471 0.00000 9.69897 1.2474204302 2.5131371173    1.245  1.540  3.6660  2.609    3  0.000  0.411     0.00     0.00     0.00     0.00     0.00 -1 -1.26e-11      0.00 6.922e-01 2.930e-01 1.998e-03 1.372e-03 6.474e-03 -1.000 1.476e-02 0.920 3.448 2.437 1.364 0.724 0.216 -0.534 -1.137 -1.223
0.01471 0.00000 9.69897 1.2475609779 2.5131548090    1.245  1.557  3.6650  2.588    3  0.000  0.411     0.00     0.00     0.00     0.00     0.00 -1 -1.34e-11      0.00 6.922e-01 2.930e-01 1.998e-03 1.372e-03 6.474e-03 -1.000 1.476e-02 0.877 3.426 2.404 1.327 0.684 0.174 -0.580 -1.186 -1.273
0.01471 0.00000 9.69897 1.2479411364 2.5132026389    1.246  1.604  3.6623  2.531    3  0.000  0.411     0.00     0.00     0.00     0.00     0.00 -1 -1.58e-11      0.00 6.923e-01 2.930e-01 1.998e-03 1.372e-03 6.474e-03 -1.000 1.476e-02 0.761 3.368 2.318 1.229 0.577 0.061 -0.703 -1.318 -1.406
0.01471 0.00000 9.69897 1.2483144999 2.5132495814    1.246  1.650  3.6596  2.475    3  0.000  0.411     0.00     0.00     0.00     0.00     0.00 -1 -1.87e-11      0.00 6.923e-01 2.930e-01 1.997e-03 1.372e-03 6.474e-03 -1.000 1.476e-02 0.646 3.319 2.235 1.131 0.471 -0.051 -0.826 -1.448 -1.538
0.01471 0.00000 9.69897 1.2486622334 2.5132932724    1.246  1.695  3.6569  2.418    3  0.000  0.411     0.00     0.00     0.00     0.00     0.00 -1 -2.21e-11      0.00 6.923e-01 2.930e-01 1.997e-03 1.372e-03 6.474e-03 -1.000 1.476e-02 0.532 3.284 2.159 1.036 0.366 -0.162 -0.948 -1.578 -1.670
0.01471 0.00000 9.69897 1.2489778996 2.5133329100    1.246  1.740  3.6542  2.363    3  0.000  0.411     0.00     0.00     0.00     0.00     0.00 -1 -2.61e-11      0.00 6.923e-01 2.930e-01 1.997e-03 1.373e-03 6.474e-03 -1.000 1.476e-02 0.421 3.252 2.085 0.944 0.264 -0.271 -1.067 -1.706 -1.799
0.01471 0.00000 9.69897 1.2492699623 2.5133695633    1.246  1.784  3.6515  2.307    3  0.000  0.411     0.00     0.00     0.00     0.00     0.00 -1 -3.08e-11      0.00 6.923e-01 2.930e-01 1.997e-03 1.373e-03 6.474e-03 -1.000 1.476e-02 0.309 3.222 2.012 0.853 0.163 -0.380 -1.187 -1.833 -1.929
0.01471 0.00000 9.69897 1.2495406866 2.5134035211    1.247  1.829  3.6487  2.251    3  0.000  0.411     0.00     0.00     0.00     0.00     0.00 -1 -3.64e-11      0.00 6.923e-01 2.930e-01 1.997e-03 1.373e-03 6.474e-03 -1.000 1.476e-02 0.198 3.195 1.940 0.762 0.061 -0.488 -1.306 -1.962 -2.059
0.01471 0.00000 9.69897 1.2497882843 2.5134345632    1.247  1.873  3.6459  2.196    3  0.000  0.411     0.00     0.00     0.00     0.00     0.00 -1  -4.3e-11      0.00 6.923e-01 2.930e-01 1.997e-03 1.373e-03 6.474e-03 -1.000 1.476e-02 0.087 3.171 1.871 0.674 -0.037 -0.595 -1.425 -2.088 -2.187
0.01471 0.00000 9.69897 1.2500000000 2.5134610955    1.247  1.914  3.6433  2.145    3  0.000  0.411     0.00     0.00     0.00     0.00     0.00 -1    -5e-11      0.00 6.923e-01 2.930e-01 1.996e-03 1.373e-03 6.474e-03 -1.000 1.476e-02 -0.014 3.150 1.808 0.594 -0.128 -0.693 -1.533 -2.205 -2.306
0.01471 0.00000 9.69897 1.2501753569 2.5134830635    1.247  1.949  3.6410  2.101    3  0.000  0.411     0.00     0.00     0.00     0.00     0.00 -1 -5.71e-11      0.00 6.923e-01 2.929e-01 1.996e-03 1.373e-03 6.474e-03 -1.000 1.476e-02 -0.102 3.134 1.754 0.525 -0.206 -0.778 -1.627 -2.306 -2.409
0.01471 0.00000 9.69897 1.2503740788 2.5135079499    1.247  1.992  3.6381  2.046    3  0.000  0.411     0.00     0.00     0.00     0.00     0.00 -1 -6.72e-11      0.00 6.923e-01 2.929e-01 1.996e-03 1.374e-03 6.474e-03 -1.000 1.476e-02 -0.211 3.116 1.690 0.441 -0.301 -0.882 -1.744 -2.431 -2.536
0.01471 0.00000 9.69897 1.2505557537 2.5135306936    1.247  2.035  3.6352  1.991    3  0.000  0.411     0.00     0.00     0.00     0.00     0.00 -1  -7.9e-11      0.00 6.923e-01 2.929e-01 1.996e-03 1.374e-03 6.474e-03 -1.000 1.476e-02 -0.318 3.097 1.628 0.359 -0.394 -0.984 -1.858 -2.554 -2.662
0.01471 0.00000 9.69897 1.2507255077 2.5135519380    1.247  2.079  3.6322  1.936    3  0.000  0.411     0.00     0.00     0.00     0.00     0.00 -1 -9.31e-11      0.00 6.923e-01 2.929e-01 1.996e-03 1.374e-03 6.474e-03 -1.000 1.476e-02 -0.427 3.054 1.565 0.273 -0.488 -1.086 -1.973 -2.673 -2.785
0.01471 0.00000 9.69897 1.2508790493 2.5135711477    1.247  2.122  3.6292  1.881    3  0.000  0.411     0.00     0.00     0.00     0.00     0.00 -1 -1.09e-10      0.00 6.923e-01 2.929e-01 1.996e-03 1.374e-03 6.474e-03 -1.000 1.476e-02 -0.534 3.009 1.504 0.188 -0.579 -1.186 -2.085 -2.789 -2.907
0.01471 0.00000 9.69897 1.2510191202 2.5135886674    1.247  2.164  3.6263  1.827    3  0.000  0.411     0.00     0.00     0.00     0.00     0.00 -1 -1.28e-10      0.00 6.923e-01 2.929e-01 1.996e-03 1.374e-03 6.474e-03 -1.000 1.476e-02 -0.639 2.965 1.444 0.108 -0.666 -1.283 -2.196 -2.904 -3.027
0.01471 0.00000 9.69897 1.2511520386 2.5136052883    1.247  2.207  3.6232  1.772    3  0.000  0.411     0.00     0.00     0.00     0.00     0.00 -1 -1.51e-10      0.00 6.923e-01 2.929e-01 1.995e-03 1.374e-03 6.474e-03 -1.000 1.476e-02 -0.747 2.917 1.382 0.025 -0.756 -1.382 -2.308 -3.021 -3.150
0.01471 0.00000 9.69897 1.2512713671 2.5136202064    1.247  2.248  3.6202  1.718    3  0.000  0.411     0.00     0.00     0.00     0.00     0.00 -1 -1.77e-10      0.00 6.923e-01 2.929e-01 1.995e-03 1.375e-03 6.474e-03 -1.000 1.476e-02 -0.851 2.868 1.322 -0.056 -0.843 -1.478 -2.418 -3.135 -3.269
0.01471 0.00000 9.69897 1.2513825893 2.5136341081    1.246  2.290  3.6171  1.664    3  0.000  0.411     0.00     0.00     0.00     0.00     0.00 -1 -2.07e-10      0.00 6.923e-01 2.929e-01 1.995e-03 1.375e-03 6.474e-03 -1.000 1.476e-02 -0.956 2.818 1.262 -0.133 -0.927 -1.573 -2.527 -3.249 -3.390
0.01471 0.00000 9.69897 1.2514857054 2.5136469941    1.246  2.332  3.6141  1.610    3  0.000  0.411     0.00     0.00     0.00     0.00     0.00 -1 -2.43e-10      0.00 6.923e-01 2.929e-01 1.995e-03 1.375e-03 6.474e-03 -1.000 1.476e-02 -1.060 2.766 1.201 -0.212 -1.012 -1.668 -2.637 -3.363 -3.510
0.01471 0.00000 9.69897 1.2515802383 2.5136588054    1.246  2.374  3.6109  1.556    3  0.000  0.411     0.00     0.00     0.00     0.00     0.00 -1 -2.85e-10      0.00 6.923e-01 2.929e-01 1.995e-03 1.375e-03 6.474e-03 -1.000 1.476e-02 -1.164 2.718 1.143 -0.288 -1.095 -1.761 -2.745 -3.476 -3.630
0.01471 0.00000 9.69897 1.2516678572 2.5136697509    1.246  2.415  3.6078  1.502    3  0.000  0.411     0.00     0.00     0.00     0.00     0.00 -1 -3.34e-10      0.00 6.923e-01 2.929e-01 1.995e-03 1.375e-03 6.474e-03 -1.000 1.476e-02 -1.267 2.667 1.085 -0.361 -1.176 -1.853 -2.852 -3.589 -3.750
0.01471 0.00000 9.69897 1.2517488003 2.5136798609    1.245  2.456  3.6047  1.448    3  0.000  0.411     0.00     0.00     0.00     0.00     0.00 -1  -3.9e-10      0.00 6.923e-01 2.929e-01 1.995e-03 1.375e-03 6.474e-03 -1.000 1.476e-02 -1.369 2.664 1.038 -0.426 -1.254 -1.947 -2.962 -3.707 -3.873
0.01471 0.00000 9.69897 1.2518223524 2.5136890465    1.245  2.496  3.6015  1.395    3  0.000  0.411     0.00     0.00     0.00     0.00     0.00 -1 -4.55e-10      0.00 6.923e-01 2.929e-01 1.995e-03 1.375e-03 6.474e-03 -1.000 1.476e-02 -1.470 2.666 0.994 -0.488 -1.330 -2.039 -3.069 -3.824 -3.994
0.01471 0.00000 9.69897 1.2518924475 2.5136977992    1.245  2.537  3.5983  1.341    3  0.000  0.411    10.94     7.97     5.62     4.30     3.49  4 -5.33e-10      0.00 6.923e-01 2.929e-01 1.995e-03 1.375e-03 6.474e-03 -1.000 1.476e-02 -1.573 2.665 0.951 -0.548 -1.404 -2.133 -3.180 -3.943 -4.118
0.01471 0.00000 9.69897 1.2519549131 2.5137055982    1.244  2.576  3.5951  1.289    3  0.000  0.411    12.18     8.76     6.15     4.71     3.83  4 -6.21e-10      0.00 6.923e-01 2.929e-01 1.995e-03 1.375e-03 6.474e-03 -1.000 1.476e-02 -1.671 2.664 0.912 -0.601 -1.472 -2.222 -3.286 -4.058 -4.238
0.01471 0.00000 9.69897 1.2520127296 2.5137128160    1.244  2.615  3.5918  1.237    3  0.000  0.411    13.55     9.63     6.73     5.16     4.20  4 -7.22e-10      0.00 6.923e-01 2.929e-01 1.995e-03 1.375e-03 6.474e-03 -1.000 1.476e-02 -1.769 2.664 0.875 -0.654 -1.538 -2.311 -3.391 -4.171 -4.356
0.01471 0.00000 9.69897 1.2520682812 2.5137197504    1.243  2.656  3.5885  1.183    3  0.000  0.411    15.13    10.60     7.38     5.67     4.61  4 -8.43e-10      0.00 6.923e-01 2.929e-01 1.995e-03 1.375e-03 6.474e-03 -1.000 1.476e-02 -1.869 2.663 0.839 -0.704 -1.604 -2.401 -3.499 -4.288 -4.478
0.01471 0.00000 9.69897 1.2521181107 2.5137259698    1.243  2.694  3.5852  1.131    3  0.000  0.411    16.82    11.64     8.07     6.21     5.05  4 -9.79e-10      0.00 6.923e-01 2.929e-01 1.995e-03 1.375e-03 6.474e-03 -1.000 1.476e-02 -1.965 2.662 0.810 -0.745 -1.661 -2.486 -3.603 -4.400 -4.596
0.01471 0.00000 9.69897 1.2521653175 2.5137318614    1.242  2.732  3.5819  1.079    3  0.000  0.411    18.72    12.79     8.83     6.80     5.53  3 -1.14e-09      0.00 6.923e-01 2.929e-01 1.995e-03 1.375e-03 6.474e-03 -1.000 1.476e-02 -2.061 2.662 0.782 -0.786 -1.718 -2.571 -3.707 -4.513 -4.714
0.01471 0.00000 9.69897 1.2522099018 2.5137374252    1.241  2.771  3.5785  1.027    3  0.000  0.411    20.86    14.07     9.67     7.46     6.07  3 -1.33e-09      0.00 6.923e-01 2.929e-01 1.995e-03 1.375e-03 6.474e-03 -1.000 1.476e-02 -2.158 2.660 0.758 -0.820 -1.770 -2.656 -3.813 -4.628 -4.833
0.01471 0.00000 9.69897 1.2522603273 2.5137437174    1.240  2.818  3.5741  0.962    3  0.000  0.411    23.83    15.82    10.82     8.35     6.80  3 -1.59e-09      0.00 6.923e-01 2.929e-01 1.995e-03 1.375e-03 6.474e-03 -1.000 1.476e-02 -2.276 2.661 0.741 -0.845 -1.820 -2.757 -3.942 -4.767 -4.980
0.01471 0.00000 9.69897 1.2523062229 2.5137494438    1.239  2.864  3.5697  0.898    3  0.000  0.411    27.16    17.74    12.07     9.34     7.60  3 -1.91e-09      0.00 6.923e-01 2.929e-01 1.995e-03 1.376e-03 6.474e-03 -1.000 1.476e-02 -2.391 2.665 0.729 -0.865 -1.867 -2.854 -4.069 -4.904 -5.124
0.01471 0.00000 9.69897 1.2523481846 2.5137546790    1.238  2.909  3.5654  0.835    3  0.000  0.411    30.91    19.88    13.45    10.43     8.49  3 -2.28e-09      0.00 6.923e-01 2.929e-01 1.995e-03 1.376e-03 6.474e-03 -1.000 1.476e-02 -2.504 2.664 0.731 -0.862 -1.895 -2.946 -4.195 -5.039 -5.265
0.01471 0.00000 9.69897 1.2523870468 2.5137595271    1.237  2.954  3.5610  0.772    3  0.000  0.411    35.17    22.26    14.99    11.64     9.48  3 -2.73e-09      0.00 6.923e-01 2.929e-01 1.994e-03 1.376e-03 6.474e-03 -1.000 1.476e-02 -2.616 2.665 0.736 -0.857 -1.922 -3.036 -4.320 -5.173 -5.407
0.01471 0.00000 9.69897 1.2524231672 2.5137640329    1.235  2.999  3.5565  0.709    3  0.000  0.411    40.00    24.93    16.70    12.99    10.58  2 -3.26e-09      0.00 6.923e-01 2.929e-01 1.994e-03 1.376e-03 6.474e-03 -1.000 1.476e-02 -2.726 2.664 0.760 -0.826 -1.932 -3.118 -4.445 -5.306 -5.547
0.01471 0.00000 9.69897 1.2524561882 2.5137681518    1.234  3.042  3.5521  0.648    3  0.000  0.411    45.36    27.85    18.56    14.46    11.78  2 -3.88e-09      0.00 6.923e-01 2.929e-01 1.994e-03 1.376e-03 6.474e-03 -1.000 1.476e-02 -2.834 2.663 0.789 -0.788 -1.935 -3.195 -4.565 -5.436 -5.684
0.01471 0.00000 9.69897 1.2524868250 2.5137719731    1.232  3.084  3.5476  0.587    3  0.000  0.411    51.44    31.10    20.63    16.10    13.12  2 -4.62e-09      0.00 6.923e-01 2.929e-01 1.994e-03 1.376e-03 6.474e-03 -1.000 1.476e-02 -2.941 2.663 0.835 -0.728 -1.925 -3.264 -4.686 -5.564 -5.820
0.01471 0.00000 9.69897 1.2525156736 2.5137755711    1.230  3.127  3.5429  0.525    3  0.000  0.411    58.40    34.77    22.94    17.93    14.62  2  -5.5e-09      0.00 6.923e-01 2.929e-01 1.994e-03 1.376e-03 6.474e-03 -1.000 1.476e-02 -3.047 2.663 0.894 -0.650 -1.903 -3.325 -4.808 -5.693 -5.958
0.01471 0.00000 9.69897 1.2525423765 2.5137789013    1.228  3.169  3.5383  0.463    3  0.000  0.411    66.22    38.82    25.49    19.96    16.28  2 -6.53e-09      0.00 6.923e-01 2.929e-01 1.994e-03 1.376e-03 6.474e-03 -1.000 1.476e-02 -3.152 2.665 0.969 -0.553 -1.870 -3.377 -4.928 -5.821 -6.093
0.01471 0.00000 9.69897 1.2525671721 2.5137819936    1.226  3.210  3.5336  0.403    3  0.000  0.411    75.00    43.31    28.30    22.19    18.10  2 -7.75e-09      0.00 6.923e-01 2.929e-01 1.994e-03 1.376e-03 6.474e-03 -1.000 1.476e-02 -3.255 2.668 1.063 -0.432 -1.822 -3.416 -5.047 -5.946 -6.227
0.01471 0.00000 9.69897 1.2525906563 2.5137849221    1.223  3.251  3.5288  0.342    3  0.000  0.411    85.01    48.34    31.43    24.69    20.14  2  -9.2e-09      0.00 6.923e-01 2.929e-01 1.994e-03 1.376e-03 6.474e-03 -1.000 1.476e-02 -3.357 2.672 1.172 -0.295 -1.765 -3.445 -5.166 -6.071 -6.361
0.01471 0.00000 9.69897 1.2526123524 2.5137876276    1.220  3.291  3.5240  0.282    3  0.000  0.411    96.15    53.85    34.84    27.41    22.37  2 -1.09e-08      0.00 6.923e-01 2.929e-01 1.994e-03 1.376e-03 6.474e-03 -1.000 1.476e-02 -3.457 2.676 1.307 -0.124 -1.689 -3.447 -5.283 -6.191 -6.492
0.01471 0.00000 9.69897 1.2526326180 2.5137901546    1.217  3.330  3.5191  0.222    3  0.000  0.411   108.65    59.94    38.59    30.42    24.83  2 -1.29e-08      0.00 6.924e-01 2.929e-01 1.994e-03 1.376e-03 6.474e-03 -1.000 1.476e-02 -3.555 2.684 1.456 0.063 -1.602 -3.439 -5.397 -6.311 -6.621
0.01471 0.00000 9.69897 1.2526518106 2.5137925477    1.213  3.368  3.5143  0.163    3  0.000  0.411   122.51    66.59    42.67    33.69    27.50  1 -1.52e-08      0.00 6.924e-01 2.929e-01 1.994e-03 1.376e-03 6.474e-03 -1.000 1.476e-02 -3.650 2.693 1.637 0.299 -1.485 -3.393 -5.508 -6.427 -6.748
0.01471 0.00000 9.69897 1.2526694536 2.5137947475    1.210  3.401  3.5102  0.112    3  0.000  0.411   135.98    72.96    46.55    36.81    30.06  1 -1.76e-08      0.00 6.924e-01 2.929e-01 1.994e-03 1.376e-03 6.474e-03 -1.000 1.476e-02 -3.733 2.701 1.793 0.503 -1.383 -3.353 -5.603 -6.527 -6.857
0.01471 0.00000 9.69897 1.2526694536 2.5137947475    1.209  1.722  3.6720  2.438    4  0.000  0.418     0.00     0.00     0.00     0.00     0.00 -1    -1e-30      0.00 6.886e-01 2.965e-01 2.037e-03 1.359e-03 6.498e-03 -1.000 1.487e-02 0.465 2.867 1.919 0.865 0.249 -0.245 -0.974 -1.555 -1.637
0.01471 0.00000 9.69897 1.2528998852 2.5138234722    1.210  1.733  3.6711  2.424    4  0.000  0.418     0.00     0.00     0.00     0.00     0.00 -1    -1e-30      0.00 6.886e-01 2.965e-01 2.036e-03 1.359e-03 6.498e-03 -1.000 1.487e-02 0.437 2.862 1.902 0.842 0.224 -0.272 -1.004 -1.588 -1.671
0.01471 0.00000 9.69897 1.2531369925 2.5138530164    1.210  1.738  3.6708  2.418    4  0.000  0.418     0.00     0.00     0.00     0.00     0.00 -1    -1e-30      0.00 6.886e-01 2.965e-01 2.036e-03 1.359e-03 6.498e-03 -1.000 1.487e-02 0.425 2.857 1.894 0.832 0.212 -0.284 -1.017 -1.601 -1.684
0.01471 0.00000 9.69897 1.2533762455 2.5138828150    1.210  1.738  3.6710  2.419    4  0.000  0.418     0.00     0.00     0.00     0.00     0.00 -1    -1e-30      0.00 6.886e-01 2.965e-01 2.036e-03 1.360e-03 6.498e-03 -1.000 1.487e-02 0.425 2.852 1.891 0.831 0.212 -0.284 -1.016 -1.600 -1.683
0.01471 0.00000 9.69897 1.2536189556 2.5139130307    1.211  1.736  3.6714  2.422    4  0.000  0.418     0.00     0.00     0.00     0.00     0.00 -1    -1e-30      0.00 6.886e-01 2.965e-01 2.036e-03 1.360e-03 6.498e-03 -1.000 1.487e-02 0.429 2.847 1.891 0.832 0.215 -0.280 -1.011 -1.594 -1.676
0.01471 0.00000 9.69897 1.2538557053 2.5139424915    1.211  1.735  3.6718  2.426    4  0.000  0.418     0.00     0.00     0.00     0.00     0.00 -1    -1e-30      0.00 6.886e-01 2.965e-01 2.036e-03 1.360e-03 6.498e-03 -1.000 1.487e-02 0.433 2.842 1.891 0.834 0.218 -0.276 -1.006 -1.587 -1.669
0.01471 0.00000 9.69897 1.2540982962 2.5139726659    1.211  1.733  3.6722  2.429    4  0.000  0.418     0.00     0.00     0.00     0.00     0.00 -1    -1e-30      0.00 6.886e-01 2.965e-01 2.035e-03 1.360e-03 6.498e-03 -1.000 1.487e-02 0.438 2.837 1.891 0.836 0.221 -0.272 -1.000 -1.580 -1.662
0.01471 0.00000 9.69897 1.2543393373 2.5140026342    1.211  1.731  3.6726  2.432    4  0.000  0.418     0.00     0.00     0.00     0.00     0.00 -1    -1e-30      0.00 6.886e-01 2.965e-01 2.035e-03 1.360e-03 6.498e-03 -1.000 1.487e-02 0.442 2.833 1.891 0.838 0.225 -0.268 -0.994 -1.574 -1.655
0.01471 0.00000 9.69897 1.2545778751 2.5140322782    1.212  1.730  3.6729  2.436    4  0.000  0.418     0.00     0.00     0.00     0.00     0.00 -1    -1e-30      0.00 6.886e-01 2.965e-01 2.035e-03 1.361e-03 6.498e-03 -1.000 1.487e-02 0.446 2.828 1.891 0.840 0.228 -0.264 -0.989 -1.567 -1.649
0.01471 0.00000 9.69897 1.2548202276 2.5140623831    1.212  1.728  3.6733  2.438    4  0.000  0.417     0.00     0.00     0.00     0.00     0.00 -1    -1e-30      0.00 6.887e-01 2.965e-01 2.035e-03 1.361e-03 6.498e-03 -1.000 1.487e-02 0.450 2.823 1.891 0.842 0.230 -0.261 -0.985 -1.562 -1.643
0.01471 0.00000 9.69897 1.2550681829 2.5140931700    1.212  1.727  3.6736  2.441    4  0.000  0.417     0.00     0.00     0.00     0.00     0.00 -1    -1e-30      0.00 6.887e-01 2.965e-01 2.035e-03 1.361e-03 6.498e-03 -1.000 1.487e-02 0.452 2.819 1.890 0.843 0.232 -0.258 -0.981 -1.557 -1.638
0.01471 0.00000 9.69897 1.2553019524 2.5141221828    1.212  1.726  3.6739  2.443    4  0.000  0.417     0.00     0.00     0.00     0.00     0.00 -1    -1e-30      0.00 6.887e-01 2.965e-01 2.034e-03 1.361e-03 6.498e-03 -1.000 1.487e-02 0.454 2.815 1.889 0.843 0.234 -0.256 -0.978 -1.553 -1.634
0.01471 0.00000 9.69897 1.2555325031 2.5141507840    1.213  1.726  3.6741  2.445    4  0.000  0.417     0.00     0.00     0.00     0.00     0.00 -1    -1e-30      0.00 6.887e-01 2.965e-01 2.034e-03 1.362e-03 6.498e-03 -1.000 1.487e-02 0.456 2.810 1.888 0.843 0.235 -0.255 -0.975 -1.550 -1.631
0.01471 0.00000 9.69897 1.2557779551 2.5141812205    1.213  1.725  3.6743  2.446    4  0.000  0.417     0.00     0.00     0.00     0.00     0.00 -1    -1e-30      0.00 6.887e-01 2.965e-01 2.034e-03 1.362e-03 6.498e-03 -1.000 1.487e-02 0.458 2.806 1.887 0.843 0.235 -0.253 -0.973 -1.547 -1.628
0.01471 0.00000 9.69897 1.2559652328 2.5142044340    1.213  1.725  3.6745  2.447    4  0.000  0.417     0.00     0.00     0.00     0.00     0.00 -1    -1e-30      0.00 6.887e-01 2.964e-01 2.034e-03 1.362e-03 6.498e-03 -1.000 1.487e-02 0.458 2.803 1.885 0.843 0.236 -0.253 -0.972 -1.545 -1.626
0.01471 0.00000 9.69897 1.2560198307 2.5142112001    1.213  1.725  3.6746  2.448    4  0.000  0.417     0.00     0.00     0.00     0.00     0.00 -1    -1e-30      0.00 6.887e-01 2.964e-01 2.034e-03 1.362e-03 6.498e-03 -1.000 1.487e-02 0.458 2.802 1.885 0.843 0.236 -0.253 -0.972 -1.545 -1.626
0.01471 0.00000 9.69897 1.2562681437 2.5142419638    1.214  1.724  3.6748  2.449    4  0.000  0.417     0.00     0.00     0.00     0.00     0.00 -1    -1e-30      0.00 6.887e-01 2.964e-01 2.034e-03 1.362e-03 6.498e-03 -1.000 1.487e-02 0.459 2.798 1.883 0.842 0.236 -0.252 -0.971 -1.543 -1.624
0.01471 0.00000 9.69897 1.2564975023 2.5142703668    1.214  1.724  3.6749  2.449    4  0.000  0.417     0.00     0.00     0.00     0.00     0.00 -1    -1e-30      0.00 6.887e-01 2.964e-01 2.033e-03 1.363e-03 6.498e-03 -1.000 1.487e-02 0.459 2.795 1.882 0.841 0.235 -0.252 -0.970 -1.542 -1.623
0.01471 0.00000 9.69897 1.2567255497 2.5142985956    1.214  1.725  3.6750  2.450    4  0.000  0.417     0.00     0.00     0.00     0.00     0.00 -1    -1e-30      0.00 6.887e-01 2.964e-01 2.033e-03 1.363e-03 6.498e-03 -1.000 1.487e-02 0.459 2.791 1.880 0.840 0.235 -0.253 -0.970 -1.542 -1.622
0.01471 0.00000 9.69897 1.2569730282 2.5143292163    1.214  1.725  3.6752  2.450    4  0.000  0.417     0.00     0.00     0.00     0.00     0.00 -1    -1e-30      0.00 6.887e-01 2.964e-01 2.033e-03 1.363e-03 6.498e-03 -1.000 1.487e-02 0.458 2.788 1.878 0.838 0.233 -0.254 -0.971 -1.542 -1.623
0.01471 0.00000 9.69897 1.2572164536 2.5143593221    1.215  1.726  3.6752  2.450    4  0.000  0.417     0.00     0.00     0.00     0.00     0.00 -1    -1e-30      0.00 6.887e-01 2.964e-01 2.033e-03 1.363e-03 6.498e-03 -1.000 1.487e-02 0.456 2.785 1.875 0.836 0.231 -0.256 -0.972 -1.544 -1.624
0.01471 0.00000 9.69897 1.2574625015 2.5143897385    1.215  1.727  3.6752  2.449    4  0.000  0.417     0.00     0.00     0.00     0.00     0.00 -1    -1e-30      0.00 6.887e-01 2.964e-01 2.033e-03 1.364e-03 6.498e-03 -1.000 1.487e-02 0.453 2.782 1.872 0.833 0.228 -0.259 -0.975 -1.546 -1.627
0.01471 0.00000 9.69897 1.2576766014 2.5144161944    1.215  1.728  3.6752  2.448    4  0.000  0.417     0.00     0.00     0.00     0.00     0.00 -1    -1e-30      0.00 6.887e-01 2.964e-01 2.032e-03 1.364e-03 6.498e-03 -1.000 1.487e-02 0.450 2.779 1.869 0.830 0.225 -0.262 -0.978 -1.549 -1.630
0.01471 0.00000 9.69897 1.2576991320 2.5144189779    1.215  1.728  3.6752  2.447    4  0.000  0.417     0.00     0.00     0.00     0.00     0.00 -1    -1e-30      0.00 6.887e-01 2.964e-01 2.032e-03 1.364e-03 6.498e-03 -1.000 1.487e-02 0.449 2.779 1.869 0.830 0.225 -0.262 -0.979 -1.550 -1.630
0.01471 0.00000 9.69897 1.2579284906 2.5144473066    1.215  1.730  3.6751  2.445    4  0.000  0.417     0.00     0.00     0.00     0.00     0.00 -1    -1e-30      0.00 6.887e-01 2.964e-01 2.032e-03 1.364e-03 6.498e-03 -1.000 1.487e-02 0.445 2.776 1.866 0.826 0.220 -0.267 -0.984 -1.555 -1.635
0.01471 0.00000 9.69897 1.2581658363 2.5144766094    1.216  1.732  3.6750  2.443    4  0.000  0.417     0.00     0.00     0.00     0.00     0.00 -1    -1e-30      0.00 6.887e-01 2.964e-01 2.032e-03 1.364e-03 6.498e-03 -1.000 1.487e-02 0.439 2.774 1.861 0.821 0.215 -0.272 -0.990 -1.561 -1.642
0.01471 0.00000 9.69897 1.2584025860 2.5145058258    1.216  1.735  3.6748  2.439    4  0.000  0.417     0.00     0.00     0.00     0.00     0.00 -1    -1e-30      0.00 6.887e-01 2.964e-01 2.032e-03 1.364e-03 6.498e-03 -1.000 1.487e-02 0.432 2.772 1.856 0.815 0.208 -0.279 -0.997 -1.570 -1.650
0.01471 0.00000 9.69897 1.2586340904 2.5145343828    1.216  1.739  3.6746  2.435    4  0.000  0.417     0.00     0.00     0.00     0.00     0.00 -1    -1e-30      0.00 6.887e-01 2.964e-01 2.032e-03 1.365e-03 6.498e-03 -1.000 1.487e-02 0.423 2.770 1.851 0.807 0.200 -0.288 -1.007 -1.580 -1.661
0.01471 0.00000 9.69897 1.2588672638 2.5145631334    1.217  1.743  3.6742  2.429    4  0.000  0.417     0.00     0.00     0.00     0.00     0.00 -1    -1e-30      0.00 6.888e-01 2.964e-01 2.031e-03 1.365e-03 6.498e-03 -1.000 1.487e-02 0.413 2.768 1.844 0.799 0.191 -0.298 -1.019 -1.592 -1.673
0.01471 0.00000 9.69897 1.2590970993 2.5145914605    1.217  1.748  3.6738  2.423    4  0.000  0.417     0.00     0.00     0.00     0.00     0.00 -1    -1e-30      0.00 6.888e-01 2.964e-01 2.031e-03 1.365e-03 6.498e-03 -1.000 1.487e-02 0.401 2.766 1.837 0.789 0.180 -0.310 -1.032 -1.607 -1.688
0.01471 0.00000 9.69897 1.2593314648 2.5146203337    1.217  1.753  3.6734  2.415    4  0.000  0.417     0.00     0.00     0.00     0.00     0.00 -1    -1e-30      0.00 6.888e-01 2.964e-01 2.031e-03 1.365e-03 6.498e-03 -1.000 1.487e-02 0.387 2.764 1.828 0.778 0.167 -0.324 -1.048 -1.624 -1.705
0.01471 0.00000 9.69897 1.2595661879 2.5146492385    1.217  1.760  3.6728  2.407    4  0.000  0.417     0.00     0.00     0.00     0.00     0.00 -1    -1e-30      0.00 6.888e-01 2.964e-01 2.031e-03 1.366e-03 6.498e-03 -1.000 1.487e-02 0.370 2.762 1.819 0.765 0.152 -0.340 -1.066 -1.644 -1.726
0.01471 0.00000 9.69897 1.2598009109 2.5146781309    1.218  1.763  3.6726  2.403    4  0.000  0.417     0.00     0.00     0.00     0.00     0.00 -1    -1e-30      0.00 6.888e-01 2.964e-01 2.031e-03 1.366e-03 6.498e-03 -1.000 1.487e-02 0.362 2.759 1.813 0.757 0.144 -0.349 -1.075 -1.654 -1.736
0.01471 0.00000 9.69897 1.2600424290 2.5147078468    1.218  1.773  3.6716  2.389    4  0.000  0.417     0.00     0.00     0.00     0.00     0.00 -1    -1e-30      0.00 6.888e-01 2.963e-01 2.030e-03 1.366e-03 6.498e-03 -1.000 1.487e-02 0.337 2.758 1.799 0.738 0.122 -0.373 -1.103 -1.684 -1.767
0.01471 0.00000 9.69897 1.2602776289 2.5147367728    1.218  1.798  3.6693  2.355    4  0.000  0.417     0.00     0.00     0.00     0.00     0.00 -1    -1e-30      0.00 6.888e-01 2.963e-01 2.030e-03 1.366e-03 6.498e-03 -1.000 1.487e-02 0.274 2.756 1.765 0.690 0.065 -0.434 -1.173 -1.761 -1.845
0.01471 0.00000 9.69897 1.2604807615 2.5147617450    1.218  1.838  3.6657  2.301    4  0.000  0.416     0.00     0.00     0.00     0.00     0.00 -1    -1e-30      0.00 6.888e-01 2.963e-01 2.030e-03 1.367e-03 6.498e-03 -1.000 1.487e-02 0.176 2.752 1.711 0.615 -0.022 -0.530 -1.282 -1.881 -1.967
0.01471 0.00000 9.69897 1.2605785131 2.5147737588    1.218  1.876  3.6623  2.249    4  0.000  0.416     0.00     0.00     0.00     0.00     0.00 -1    -1e-30      0.00 6.888e-01 2.963e-01 2.030e-03 1.367e-03 6.498e-03 -1.000 1.487e-02 0.081 2.749 1.659 0.542 -0.107 -0.622 -1.388 -1.997 -2.085
0.01471 0.00000 9.69897 1.2606287003 2.5147799261    1.219  1.914  3.6589  2.198    4  0.000  0.416     0.00     0.00     0.00     0.00     0.00 -1    -1e-30      0.00 6.888e-01 2.963e-01 2.030e-03 1.367e-03 6.498e-03 -1.000 1.487e-02 -0.015 2.746 1.607 0.470 -0.191 -0.714 -1.494 -2.112 -2.203
0.01471 0.00000 9.69897 1.2606573105 2.5147834416    1.219  1.955  3.6553  2.142    4  0.000  0.416     0.00     0.00     0.00     0.00     0.00 -1    -1e-30      0.00 6.888e-01 2.963e-01 2.030e-03 1.367e-03 6.498e-03 -1.000 1.487e-02 -0.118 2.746 1.553 0.393 -0.282 -0.814 -1.607 -2.237 -2.330
0.01471 0.00000 9.69897 1.2606711388 2.5147851407    1.219  1.995  3.6518  2.088    4  0.000  0.416     0.00     0.00     0.00     0.00     0.00 -1    -1e-30      0.00 6.888e-01 2.963e-01 2.030e-03 1.367e-03 6.498e-03 -1.000 1.487e-02 -0.217 2.746 1.501 0.319 -0.368 -0.909 -1.716 -2.356 -2.451
0.01471 0.00000 9.69897 1.2606787682 2.5147860781    1.219  2.033  3.6485  2.037    4  0.000  0.416     0.00     0.00     0.00     0.00     0.00 -1    -1e-30      0.00 6.888e-01 2.963e-01 2.030e-03 1.367e-03 6.498e-03 -1.000 1.487e-02 -0.313 2.747 1.451 0.249 -0.452 -1.001 -1.822 -2.472 -2.569
0.01471 0.00000 9.69897 1.2606835365 2.5147866640    1.219  2.070  3.6454  1.987    4  0.000  0.416     0.00     0.00     0.00     0.00     0.00 -1    -1e-30      0.00 6.888e-01 2.963e-01 2.030e-03 1.367e-03 6.498e-03 -1.000 1.487e-02 -0.405 2.744 1.405 0.182 -0.530 -1.088 -1.921 -2.580 -2.680
0.01471 0.00000 9.69897 1.2606852055 2.5147868690    1.219  2.085  3.6441  1.967    7  0.000  0.416     0.00     0.00     0.00     0.00     0.00 -1    -1e-30      0.00 6.888e-01 2.963e-01 2.030e-03 1.367e-03 6.498e-03 -1.000 1.487e-02 -0.443 2.736 1.386 0.153 -0.563 -1.123 -1.962 -2.623 -2.725
0.01471 0.00000 9.69897 1.2606877089 2.5147871766    1.219  2.112  3.6419  1.932    7  0.000  0.416     0.00     0.00     0.00     0.00     0.00 -1    -1e-30      0.00 6.888e-01 2.963e-01 2.030e-03 1.367e-03 6.498e-03 -1.000 1.487e-02 -0.509 2.720 1.353 0.103 -0.619 -1.185 -2.033 -2.698 -2.803
0.01471 0.00000 9.69897 1.2606918812 2.5147876893    1.219  2.158  3.6380  1.870    7  0.000  0.416     0.00     0.00     0.00     0.00     0.00 -1    -1e-30      0.00 6.888e-01 2.963e-01 2.030e-03 1.367e-03 6.498e-03 -1.000 1.487e-02 -0.625 2.691 1.294 0.015 -0.717 -1.293 -2.158 -2.829 -2.940
0.01471 0.00000 9.69897 1.2606955767 2.5147881433    1.219  2.194  3.6350  1.821    7  0.000  0.416     0.00     0.00     0.00     0.00     0.00 -1    -1e-30      0.00 6.888e-01 2.963e-01 2.030e-03 1.367e-03 6.498e-03 -1.000 1.487e-02 -0.716 2.667 1.248 -0.052 -0.793 -1.377 -2.254 -2.931 -3.047
0.01471 0.00000 9.69897 1.2607045174 2.5147892418    1.219  2.205  3.6342  1.808    7  0.000  0.416     0.00     0.00     0.00     0.00     0.00 -1    -1e-30      0.00 6.888e-01 2.963e-01 2.030e-03 1.367e-03 6.498e-03 -1.000 1.487e-02 -0.741 2.659 1.234 -0.071 -0.814 -1.400 -2.281 -2.959 -3.076
0.01471 0.00000 9.69897 1.2607107162 2.5147900034    1.219  2.179  3.6363  1.842    7  0.000  0.416     0.00     0.00     0.00     0.00     0.00 -1    -1e-30      0.00 6.888e-01 2.963e-01 2.030e-03 1.367e-03 6.498e-03 -1.000 1.487e-02 -0.677 2.676 1.266 -0.024 -0.761 -1.342 -2.213 -2.887 -3.001
0.01471 0.00000 9.69897 1.2607266903 2.5147919660    1.219  2.145  3.6392  1.887    7  0.000  0.416     0.00     0.00     0.00     0.00     0.00 -1 -1.68e-30      0.00 6.888e-01 2.963e-01 2.030e-03 1.367e-03 6.498e-03 -1.000 1.488e-02 -0.593 2.697 1.309 0.039 -0.691 -1.263 -2.123 -2.792 -2.901
0.01471 0.00000 9.69897 1.2608661652 2.5148090993    1.218  2.139  3.6396  1.896    7  0.000  0.416     0.00     0.00     0.00     0.00     0.00 -1 -3.45e-16      0.00 6.888e-01 2.958e-01 2.030e-03 1.367e-03 6.498e-03 -1.000 1.544e-02 -0.577 2.703 1.318 0.051 -0.677 -1.248 -2.106 -2.774 -2.883
0.01471 0.00000 9.69897 1.2609856129 2.5148237690    1.218  2.174  3.6366  1.848    7  0.000  0.416     0.00     0.00     0.00     0.00     0.00 -1 -4.46e-10      0.00 6.888e-01 2.955e-01 2.030e-03 1.367e-03 6.498e-03 -1.000 1.567e-02 -0.665 2.682 1.275 -0.013 -0.750 -1.329 -2.200 -2.873 -2.987
0.01471 0.00000 9.69897 1.2610816956 2.5148355669    1.218  2.217  3.6330  1.790    7  0.000  0.416     0.00     0.00     0.00     0.00     0.00 -1 -5.55e-10      0.00 6.888e-01 2.955e-01 2.030e-03 1.367e-03 6.498e-03 -1.000 1.568e-02 -0.773 2.653 1.220 -0.094 -0.840 -1.429 -2.315 -2.995 -3.114
0.01471 0.00000 9.69897 1.2611608505 2.5148452847    1.217  2.259  3.6294  1.734    7  0.000  0.416     0.00     0.00     0.00     0.00     0.00 -1 -6.88e-10      0.00 6.888e-01 2.955e-01 2.029e-03 1.367e-03 6.498e-03 -1.000 1.568e-02 -0.878 2.622 1.166 -0.172 -0.926 -1.525 -2.426 -3.113 -3.238
0.01471 0.00000 9.69897 1.2612276077 2.5148534793    1.217  2.301  3.6259  1.678    7  0.000  0.416     0.00     0.00     0.00     0.00     0.00 -1 -8.49e-10      0.00 6.888e-01 2.955e-01 2.029e-03 1.367e-03 6.498e-03 -1.000 1.568e-02 -0.982 2.587 1.112 -0.247 -1.010 -1.620 -2.537 -3.229 -3.360
0.01471 0.00000 9.69897 1.2612849474 2.5148605171    1.216  2.342  3.6224  1.623    7  0.000  0.416     0.00     0.00     0.00     0.00     0.00 -1 -1.04e-09      0.00 6.888e-01 2.955e-01 2.029e-03 1.367e-03 6.498e-03 -1.000 1.568e-02 -1.085 2.551 1.058 -0.322 -1.093 -1.713 -2.646 -3.344 -3.482
0.01471 0.00000 9.69897 1.2613347769 2.5148666325    1.215  2.383  3.6190  1.567    7  0.000  0.416     0.00     0.00     0.00     0.00     0.00 -1 -1.28e-09      0.00 6.888e-01 2.955e-01 2.029e-03 1.367e-03 6.498e-03 -1.000 1.568e-02 -1.188 2.514 1.004 -0.396 -1.175 -1.806 -2.754 -3.459 -3.603
0.01471 0.00000 9.69897 1.2613782883 2.5148719721    1.214  2.424  3.6155  1.513    7  0.000  0.416     0.00     0.00     0.00     0.00     0.00 -1 -1.57e-09      0.00 6.888e-01 2.955e-01 2.029e-03 1.367e-03 6.498e-03 -1.000 1.568e-02 -1.290 2.475 0.952 -0.467 -1.254 -1.896 -2.861 -3.572 -3.724
0.01471 0.00000 9.69897 1.2614166737 2.5148766822    1.214  2.464  3.6121  1.458    7  0.000  0.416     0.00     0.00     0.00     0.00     0.00 -1 -1.93e-09      0.00 6.888e-01 2.955e-01 2.029e-03 1.367e-03 6.498e-03 -1.000 1.568e-02 -1.391 2.474 0.906 -0.533 -1.332 -1.989 -2.970 -3.689 -3.847
0.01471 0.00000 9.69897 1.2614516020 2.5148809679    1.213  2.505  3.6086  1.403    7  0.000  0.416     9.53     7.07     5.01     3.83     3.11  4 -2.35e-09      0.00 6.888e-01 2.955e-01 2.029e-03 1.367e-03 6.498e-03 -1.000 1.568e-02 -1.491 2.484 0.865 -0.594 -1.408 -2.081 -3.078 -3.808 -3.970
0.01471 0.00000 9.69897 1.2614834309 2.5148848731    1.212  2.545  3.6051  1.349    7  0.000  0.416    10.66     7.81     5.51     4.21     3.42  4 -2.86e-09      0.00 6.888e-01 2.955e-01 2.029e-03 1.368e-03 6.498e-03 -1.000 1.566e-02 -1.592 2.495 0.827 -0.652 -1.481 -2.172 -3.186 -3.926 -4.094
0.01471 0.00000 9.69897 1.2615132332 2.5148885293    1.211  2.585  3.6003  1.290    7  0.000  0.416    12.03     8.69     6.10     4.67     3.80  4 -3.49e-09      0.00 6.888e-01 2.955e-01 2.028e-03 1.368e-03 6.498e-03 -1.000 1.566e-02 -1.692 2.537 0.808 -0.695 -1.544 -2.259 -3.296 -4.050 -4.224
0.01471 0.00000 9.69897 1.2615344524 2.5148911325    1.210  2.615  3.5953  1.239    7  0.000  0.416    13.36     9.52     6.66     5.11     4.15  4 -4.03e-09      0.00 6.888e-01 2.955e-01 2.028e-03 1.368e-03 6.498e-03 -1.000 1.566e-02 -1.767 2.595 0.821 -0.700 -1.571 -2.320 -3.383 -4.152 -4.333
0.01471 0.00000 9.69897 1.2615611553 2.5148944082    1.208  2.655  3.5913  1.183    7  0.000  0.416    15.00    10.54     7.34     5.64     4.58  4 -4.88e-09      0.00 6.888e-01 2.955e-01 2.026e-03 1.370e-03 6.498e-03 -1.000 1.566e-02 -1.867 2.613 0.795 -0.744 -1.632 -2.407 -3.492 -4.271 -4.458
0.01471 0.00000 9.69897 1.2615861893 2.5148974791    1.207  2.695  3.5877  1.128    7  0.000  0.415    16.78    11.63     8.06     6.20     5.04  3 -5.92e-09      0.00 6.888e-01 2.955e-01 2.022e-03 1.373e-03 6.498e-03 -1.000 1.568e-02 -1.967 2.618 0.766 -0.787 -1.693 -2.496 -3.600 -4.389 -4.582
0.01471 0.00000 9.69897 1.2616096735 2.5149003597    1.205  2.734  3.5840  1.073    7  0.000  0.414    18.78    12.84     8.86     6.83     5.55  3  -7.1e-09      0.00 6.888e-01 2.955e-01 2.017e-03 1.379e-03 6.498e-03 -1.000 1.568e-02 -2.065 2.624 0.742 -0.825 -1.748 -2.582 -3.707 -4.506 -4.704
0.01471 0.00000 9.69897 1.2616335154 2.5149032841    1.202  2.774  3.5801  1.017    7  0.000  0.413    21.07    14.21     9.76     7.53     6.13  3 -8.58e-09      0.00 6.888e-01 2.955e-01 2.012e-03 1.385e-03 6.498e-03 -1.000 1.568e-02 -2.165 2.634 0.720 -0.861 -1.803 -2.669 -3.815 -4.625 -4.829
0.01471 0.00000 9.69897 1.2616558075 2.5149060183    1.200  2.814  3.5760  0.959    7  0.000  0.412    23.72    15.76    10.77     8.33     6.77  3 -1.04e-08      0.00 6.888e-01 2.955e-01 2.008e-03 1.390e-03 6.498e-03 -1.000 1.568e-02 -2.266 2.642 0.713 -0.876 -1.841 -2.754 -3.928 -4.747 -4.957
0.01471 0.00000 9.69897 1.2616730928 2.5149081383    1.197  2.854  3.5720  0.902    7  0.000  0.411    26.66    17.46    11.88     9.20     7.49  3 -1.26e-08      0.00 6.888e-01 2.955e-01 2.004e-03 1.395e-03 6.498e-03 -1.000 1.568e-02 -2.366 2.651 0.706 -0.891 -1.880 -2.839 -4.039 -4.867 -5.084
0.01471 0.00000 9.69897 1.2616840601 2.5149094834    1.195  2.892  3.5682  0.848    7  0.000  0.410    29.78    19.24    13.03    10.11     8.23  3 -1.51e-08      0.00 6.888e-01 2.955e-01 2.000e-03 1.399e-03 6.498e-03 -1.000 1.568e-02 -2.461 2.657 0.707 -0.893 -1.907 -2.917 -4.144 -4.981 -5.204
0.01471 0.00000 9.69897 1.2616925240 2.5149105214    1.194  2.929  3.5643  0.795    7  0.000  0.410    33.19    21.16    14.27    11.08     9.02  3 -1.78e-08      0.00 6.888e-01 2.955e-01 1.997e-03 1.403e-03 6.498e-03 -1.000 1.569e-02 -2.552 2.664 0.719 -0.880 -1.922 -2.988 -4.247 -5.092 -5.321
0.01471 0.00000 9.69897 1.2617002726 2.5149114717    1.192  2.966  3.5601  0.741    7  0.000  0.409    37.12    23.34    15.67    12.19     9.93  2  -2.1e-08      0.00 6.888e-01 2.955e-01 1.995e-03 1.406e-03 6.498e-03 -1.000 1.569e-02 -2.645 2.672 0.734 -0.863 -1.936 -3.061 -4.353 -5.206 -5.442
0.01471 0.00000 9.69897 1.2617073059 2.5149123342    1.190  3.003  3.5559  0.686    7  0.000  0.409    41.55    25.77    17.22    13.42    10.93  2 -2.49e-08      0.00 6.888e-01 2.955e-01 1.993e-03 1.408e-03 6.498e-03 -1.000 1.571e-02 -2.739 2.678 0.770 -0.819 -1.931 -3.126 -4.459 -5.321 -5.563
0.01471 0.00000 9.69897 1.2617137432 2.5149131237    1.187  3.040  3.5517  0.632    7  0.000  0.409    46.43    28.40    18.90    14.75    12.01  2 -2.93e-08      0.00 6.887e-01 2.955e-01 1.992e-03 1.410e-03 6.498e-03 -1.000 1.572e-02 -2.830 2.685 0.808 -0.772 -1.923 -3.189 -4.562 -5.433 -5.682
0.01471 0.00000 9.69897 1.2617198229 2.5149138693    1.185  3.076  3.5476  0.578    7  0.000  0.408    51.79    31.25    20.71    16.18    13.19  2 -3.44e-08      0.00 6.887e-01 2.955e-01 1.990e-03 1.412e-03 6.498e-03 -1.000 1.572e-02 -2.919 2.691 0.857 -0.708 -1.904 -3.242 -4.665 -5.542 -5.799
0.01471 0.00000 9.69897 1.2617262602 2.5149146587    1.182  3.114  3.5429  0.520    7  0.000  0.408    58.39    34.71    22.89    17.92    14.60  2 -4.11e-08      0.00 6.887e-01 2.955e-01 1.990e-03 1.413e-03 6.498e-03 -1.000 1.572e-02 -3.015 2.700 0.928 -0.617 -1.870 -3.292 -4.776 -5.662 -5.926
0.01471 0.00000 9.69897 1.2617332935 2.5149155212    1.178  3.153  3.5380  0.460    7  0.000  0.408    66.06    38.67    25.37    19.90    16.22  2 -4.87e-08      0.00 6.887e-01 2.955e-01 1.989e-03 1.413e-03 6.498e-03 -1.000 1.572e-02 -3.113 2.710 1.019 -0.502 -1.822 -3.335 -4.890 -5.783 -6.056
0.01471 0.00000 9.69897 1.2617413998 2.5149165153    1.172  3.193  3.5329  0.398    7  0.000  0.408    74.96    43.19    28.20    22.15    18.06  2 -5.85e-08      0.00 6.887e-01 2.955e-01 1.989e-03 1.413e-03 6.498e-03 -1.000 1.572e-02 -3.211 2.724 1.136 -0.355 -1.756 -3.363 -5.006 -5.906 -6.188
0.01471 0.00000 9.69897 1.2617493868 2.5149174948    1.166  3.228  3.5280  0.341    7  0.000  0.408    84.24    47.82    31.07    24.45    19.94  2 -6.89e-08      0.00 6.887e-01 2.955e-01 1.989e-03 1.413e-03 6.498e-03 -1.000 1.572e-02 -3.300 2.738 1.261 -0.198 -1.682 -3.373 -5.111 -6.017 -6.308
0.01471 0.00000 9.69897 1.2617530823 2.5149179479    1.162  3.246  3.5255  0.311    7  0.000  0.408    89.51    50.42    32.68    25.74    20.99  2 -7.57e-08      0.00 6.887e-01 2.955e-01 1.989e-03 1.413e-03 6.498e-03 -1.000 1.572e-02 -3.346 2.745 1.337 -0.103 -1.636 -3.368 -5.166 -6.074 -6.371
0.01471 0.00000 9.69897 1.2617549896 2.5149181818    1.161  3.211  3.5299  0.363    7  0.000  0.408    80.33    45.86    29.85    23.48    19.14  2 -6.51e-08      0.00 6.887e-01 2.955e-01 1.989e-03 1.414e-03 6.497e-03 -1.000 1.572e-02 -3.258 2.740 1.211 -0.262 -1.709 -3.369 -5.062 -5.966 -6.254
0.01471 0.00000 9.69897 1.2617553473 2.5149182257    1.160  3.199  3.5315  0.381    7  0.000  0.408    77.43    44.41    28.95    22.76    18.55  2 -6.21e-08      0.00 6.887e-01 2.955e-01 1.989e-03 1.414e-03 6.497e-03 -1.000 1.572e-02 -3.229 2.736 1.176 -0.306 -1.729 -3.361 -5.028 -5.929 -6.214
0.01471 0.00000 9.69897 1.2617554665 2.5149182403    1.160  3.196  3.5319  0.386    7  0.000  0.408    76.63    44.00    28.70    22.56    18.39  2 -6.13e-08      0.00 6.887e-01 2.955e-01 1.989e-03 1.414e-03 6.497e-03 -1.000 1.572e-02 -3.220 2.736 1.168 -0.317 -1.733 -3.358 -5.018 -5.919 -6.203
0.01471 0.00000 9.69897 1.2617555857 2.5149182549    1.160  3.186  3.5330  0.400    7  0.000  0.408    74.44    42.90    28.01    22.01    17.94  2 -5.88e-08      0.00 6.887e-01 2.955e-01 1.989e-03 1.414e-03 6.497e-03 -1.000 1.572e-02 -3.196 2.735 1.144 -0.347 -1.746 -3.350 -4.990 -5.890 -6.172
0.01471 0.00000 9.69897 1.2617557049 2.5149182695    1.160  3.212  3.5298  0.362    7  0.000  0.408    80.60    45.99    29.94    23.54    19.20  2 -6.57e-08      0.00 6.887e-01 2.955e-01 1.989e-03 1.414e-03 6.497e-03 -1.000 1.572e-02 -3.260 2.741 1.216 -0.256 -1.706 -3.369 -5.065 -5.969 -6.257
0.01471 0.00000 9.69897 1.2617558241 2.5149182841    1.160  3.213  3.5297  0.360    7  0.000  0.408    80.84    46.11    30.01    23.60    19.25  2 -6.59e-08      0.00 6.887e-01 2.955e-01 1.989e-03 1.414e-03 6.497e-03 -1.000 1.572e-02 -3.262 2.741 1.219 -0.251 -1.704 -3.368 -5.068 -5.972 -6.260
0.01471 0.00000 9.69897 1.2617559433 2.5149182988    1.160  3.229  3.5276  0.336    7  0.000  0.408    84.99    48.18    31.29    24.63    20.09  2 -7.05e-08      0.00 6.887e-01 2.955e-01 1.989e-03 1.414e-03 6.497e-03 -1.000 1.572e-02 -3.302 2.744 1.280 -0.176 -1.668 -3.366 -5.115 -6.021 -6.313
0.01471 0.00000 9.69897 1.2617561817 2.5149183280    1.159  3.251  3.5247  0.302    7  0.000  0.408    91.20    51.24    33.19    26.15    21.33  2 -7.75e-08      0.00 6.887e-01 2.955e-01 1.989e-03 1.414e-03 6.497e-03 -1.000 1.572e-02 -3.358 2.750 1.366 -0.067 -1.617 -3.363 -5.181 -6.090 -6.388
0.01471 0.00000 9.69897 1.2617564201 2.5149183572    1.159  3.273  3.5218  0.268    7  0.000  0.408    97.71    54.43    35.16    27.72    22.62  2 -8.45e-08      0.00 6.887e-01 2.955e-01 1.989e-03 1.414e-03 6.497e-03 -1.000 1.572e-02 -3.413 2.757 1.454 0.042 -1.565 -3.358 -5.245 -6.157 -6.462
0.01471 0.00000 9.69897 1.2617567778 2.5149184011    1.159  3.300  3.5182  0.227    7  0.000  0.408   106.47    58.68    37.77    29.82    24.33  1 -9.44e-08      0.00 6.887e-01 2.955e-01 1.989e-03 1.414e-03 6.497e-03 -1.000 1.572e-02 -3.480 2.765 1.577 0.199 -1.488 -3.337 -5.325 -6.241 -6.553
0.01471 0.00000 9.69897 1.2617572546 2.5149184596    1.158  3.332  3.5138  0.177    7  0.000  0.408   117.90    64.15    41.13    32.51    26.53  1 -1.08e-07      0.00 6.887e-01 2.955e-01 1.989e-03 1.414e-03 6.497e-03 -1.000 1.572e-02 -3.559 2.778 1.747 0.420 -1.374 -3.287 -5.418 -6.339 -6.660
0.01471 0.00000 9.69897 1.2617578506 2.5149185327    1.157  3.359  3.5100  0.134    7  0.000  0.408   128.93    69.37    44.32    35.07    28.63  1 -1.21e-07      0.00 6.887e-01 2.955e-01 1.989e-03 1.414e-03 6.497e-03 -1.000 1.572e-02 -3.628 2.790 1.898 0.616 -1.272 -3.242 -5.499 -6.424 -6.754
0.01471 0.00000 9.69897 1.2617584467 2.5149186057    1.156  3.390  3.5056  0.086    7  0.000  0.408   142.39    75.66    48.15    38.16    31.15  0 -1.38e-07      0.00 6.887e-01 2.955e-01 1.989e-03 1.414e-03 6.497e-03 -1.000 1.572e-02 -3.704 2.794 2.032 0.791 -1.183 -3.199 -5.590 -6.518 -6.855
0.01471 0.00000 9.69897 1.2617594004 2.5149187227    1.154  3.420  3.5012  0.038    7  0.000  0.408   157.22    82.50    52.29    41.49    33.88  0 -1.55e-07      0.00 6.887e-01 2.955e-01 1.989e-03 1.414e-03 6.497e-03 -1.000 1.572e-02 -3.779 2.805 2.186 0.988 -1.077 -3.142 -5.678 -6.611 -6.957
0.01471 0.00000 9.69897 1.2617605925 2.5149188689    1.152  3.447  3.4970 -0.008    7  0.528  0.408   172.73    89.56    56.56    44.93    36.70  0 -1.75e-07      0.00 6.887e-01 2.955e-01 1.989e-03 1.414e-03 6.497e-03 -1.000 1.572e-02 -3.848 2.815 2.326 1.160 -0.982 -3.082 -5.759 -6.698 -7.052
0.01471 0.00000 9.69897 1.2617615461 2.5149189858    1.149  3.462  3.4946 -0.033    7  0.528  0.408   181.97    93.72    59.06    46.96    38.36  0 -1.87e-07      0.00 6.887e-01 2.955e-01 1.989e-03 1.414e-03 6.497e-03 -1.000 1.572e-02 -3.886 2.821 2.401 1.251 -0.932 -3.048 -5.804 -6.745 -7.103
0.01471 0.00000 9.69897 1.2617616653 2.5149190004    1.149  3.462  3.4946 -0.034    8  0.528  0.429   182.00    93.73    59.06    46.96    38.36  0 -1.88e-07      0.00 6.887e-01 2.964e-01 2.094e-03 1.415e-03 6.512e-03 -1.000 1.488e-02 -3.886 2.821 2.401 1.251 -0.932 -3.048 -5.804 -6.745 -7.103
0.01471 0.00000 9.69897 1.2617617846 2.5149190151    1.149  3.208  3.5287  0.357    8  0.528  0.429    81.26    46.30    30.12    23.70    19.32  2 -6.65e-08      0.00 6.887e-01 2.964e-01 2.094e-03 1.415e-03 6.512e-03 -1.000 1.488e-02 -3.251 2.766 1.276 -0.186 -1.656 -3.337 -5.060 -5.965 -6.255
0.01471 0.00000 9.69897 1.2617619038 2.5149190297    1.148  3.102  3.5427  0.519    8  0.528  0.429    58.03    34.48    22.73    17.81    14.51  2 -4.25e-08      0.00 6.887e-01 2.964e-01 2.094e-03 1.415e-03 6.512e-03 -1.000 1.488e-02 -2.984 2.733 0.964 -0.580 -1.835 -3.260 -4.745 -5.631 -5.895
0.01471 0.00000 9.69897 1.2617621422 2.5149190589    1.148  2.920  3.5667  0.797    8  0.528  0.429    32.69    20.88    14.08    10.95     8.91  3 -1.93e-08      0.00 6.887e-01 2.964e-01 2.094e-03 1.415e-03 6.512e-03 -1.000 1.488e-02 -2.529 2.651 0.687 -0.920 -1.947 -2.977 -4.218 -5.056 -5.283
0.01471 0.00000 9.69897 1.2617626190 2.5149191174    1.147  2.938  3.5640  0.767    8  0.528  0.429    34.75    22.02    14.81    11.53     9.38  2  -2.1e-08      0.00 6.887e-01 2.964e-01 2.094e-03 1.415e-03 6.512e-03 -1.000 1.488e-02 -2.575 2.666 0.709 -0.896 -1.942 -3.011 -4.272 -5.116 -5.347
0.01471 0.00000 9.69897 1.2617630959 2.5149191759    1.146  3.055  3.5483  0.587    8  0.528  0.429    50.43    30.50    20.22    15.81    12.88  2  -3.5e-08      0.00 6.887e-01 2.964e-01 2.094e-03 1.415e-03 6.512e-03 -1.000 1.488e-02 -2.868 2.727 0.884 -0.684 -1.872 -3.198 -4.611 -5.488 -5.743
0.01471 0.00000 9.69897 1.2617638111 2.5149192636    1.144  3.211  3.5274  0.348    8  0.528  0.429    82.71    47.01    30.55    24.05    19.61  2 -6.77e-08      0.00 6.887e-01 2.964e-01 2.094e-03 1.415e-03 6.512e-03 -1.000 1.488e-02 -3.256 2.783 1.330 -0.121 -1.615 -3.316 -5.070 -5.976 -6.269
0.01471 0.00000 9.69897 1.2617645264 2.5149193513    1.142  3.341  3.5098  0.146    8  0.529  0.429   125.52    67.69    43.28    34.25    27.96  1 -1.16e-07      0.00 6.887e-01 2.964e-01 2.094e-03 1.415e-03 6.512e-03 -1.000 1.488e-02 -3.583 2.827 1.946 0.670 -1.220 -3.192 -5.455 -6.380 -6.709
0.01471 0.00000 9.69897 1.2617654800 2.5149194682    1.140  3.425  3.4982  0.015    8  0.529  0.429   164.46    85.71    54.22    43.07    35.17  0 -1.64e-07      0.00 6.887e-01 2.964e-01 2.094e-03 1.415e-03 6.512e-03 -1.000 1.488e-02 -3.793 2.839 2.315 1.145 -0.975 -3.065 -5.700 -6.638 -6.988
0.01471 0.00000 9.69897 1.2617665529 2.5149195998    1.138  3.468  3.4921 -0.053    8  0.529  0.429   189.22    96.87    60.94    48.50    39.61  0 -1.96e-07      0.00 6.887e-01 2.964e-01 2.094e-03 1.415e-03 6.512e-03 -1.000 1.488e-02 -3.899 2.847 2.503 1.370 -0.853 -2.987 -5.825 -6.769 -7.131
0.01471 0.00000 9.69897 1.2617677450 2.5149197460    1.136  3.486  3.4891 -0.084    8  0.530  0.429   200.08   102.35    64.23    51.16    41.79  0 -2.12e-07      0.00 6.887e-01 2.964e-01 2.094e-03 1.415e-03 6.512e-03 -1.000 1.488e-02 -3.944 2.854 2.587 1.463 -0.800 -2.950 -5.879 -6.825 -7.193
0.01471 0.00000 9.69897 1.2617690563 2.5149199068    1.133  3.494  3.4873 -0.101    8  0.530  0.429   205.00   105.42    66.06    52.65    43.01  0  -2.2e-07      0.00 6.887e-01 2.964e-01 2.094e-03 1.415e-03 6.512e-03 -1.000 1.488e-02 -3.965 2.860 2.624 1.493 -0.780 -2.934 -5.906 -6.853 -7.224
0.01471 0.00000 9.69897 1.2617690563 2.5149199068    1.132  3.305  3.5122  0.188    8  0.530  0.429   114.87    62.59    40.16    31.76    25.91  1 -1.03e-07      0.00 6.887e-01 2.964e-01 2.094e-03 1.415e-03 6.512e-03 -1.000 1.488e-02 -3.493 2.853 1.890 0.590 -1.239 -3.174 -5.357 -6.280 -6.603
0.01471 0.00000 9.69897 1.2617692947 2.5149199360    1.132  3.141  3.5339  0.439    8  0.530  0.429    68.31    39.75    26.03    20.44    16.66  2  -5.2e-08      0.00 6.887e-01 2.964e-01 2.094e-03 1.415e-03 6.512e-03 -1.000 1.488e-02 -3.082 2.807 1.209 -0.280 -1.661 -3.247 -4.872 -5.771 -6.051
0.01471 0.00000 9.69897 1.2617695332 2.5149199652    1.131  2.959  3.5579  0.716    8  0.530  0.429    38.48    24.07    16.12    12.57    10.23  2 -2.39e-08      0.00 6.887e-01 2.964e-01 2.094e-03 1.415e-03 6.512e-03 -1.000 1.488e-02 -2.627 2.739 0.819 -0.773 -1.866 -3.028 -4.342 -5.200 -5.439
0.01471 0.00000 9.69897 1.2617700100 2.5149200237    1.130  2.978  3.5553  0.687    8  0.530  0.429    40.89    25.38    16.96    13.23    10.77  2  -2.6e-08      0.00 6.887e-01 2.964e-01 2.094e-03 1.415e-03 6.512e-03 -1.000 1.488e-02 -2.674 2.750 0.851 -0.735 -1.852 -3.058 -4.396 -5.259 -5.503
0.01471 0.00000 9.69897 1.2617706060 2.5149200968    1.129  3.093  3.5399  0.509    8  0.530  0.429    59.09    35.01    23.05    18.08    14.73  2 -4.29e-08      0.00 6.887e-01 2.964e-01 2.094e-03 1.415e-03 6.512e-03 -1.000 1.488e-02 -2.964 2.798 1.081 -0.444 -1.733 -3.210 -4.733 -5.625 -5.894
0.01471 0.00000 9.69897 1.2617713213 2.5149201845    1.127  3.247  3.5193  0.272    8  0.531  0.429    96.33    53.65    34.66    27.35    22.31  2 -8.18e-08      0.00 6.887e-01 2.964e-01 2.094e-03 1.415e-03 6.512e-03 -1.000 1.488e-02 -3.347 2.846 1.632 0.250 -1.406 -3.236 -5.188 -6.103 -6.412
0.01471 0.00000 9.69897 1.2617721558 2.5149202868    1.125  3.376  3.5019  0.073    8  0.531  0.429   145.49    76.90    48.87    38.77    31.65  0 -1.39e-07      0.00 6.887e-01 2.964e-01 2.094e-03 1.415e-03 6.512e-03 -1.000 1.488e-02 -3.670 2.873 2.236 1.038 -1.006 -3.060 -5.566 -6.500 -6.842
0.01471 0.00000 9.69897 1.2617731094 2.5149204038    1.123  3.459  3.4906 -0.056    8  0.531  0.429   190.04    97.08    61.05    48.61    39.70  0 -1.96e-07      0.00 6.887e-01 2.964e-01 2.094e-03 1.415e-03 6.512e-03 -1.000 1.488e-02 -3.877 2.883 2.584 1.464 -0.781 -2.924 -5.808 -6.753 -7.118
0.01471 0.00000 9.69897 1.2617741823 2.5149205353    1.120  3.501  3.4846 -0.124    8  0.532  0.429   211.33   109.57    68.52    54.66    44.66  0 -2.33e-07      0.00 6.887e-01 2.964e-01 2.094e-03 1.415e-03 6.512e-03 -1.000 1.488e-02 -3.983 2.881 2.694 1.551 -0.735 -2.895 -5.932 -6.881 -7.256
0.01471 0.00000 9.69897 1.2617753744 2.5149206815    1.117  3.519  3.4818 -0.154    8  0.532  0.429   221.11   115.71    72.19    57.63    47.09  0 -2.53e-07      0.00 6.887e-01 2.964e-01 2.094e-03 1.415e-03 6.512e-03 -1.000 1.488e-02 -4.028 2.884 2.747 1.589 -0.713 -2.879 -5.986 -6.937 -7.317
0.01471 0.00000 9.69897 1.2617768049 2.5149208569    1.113  3.528  3.4801 -0.171    8  0.533  0.429   226.56   119.19    74.25    59.32    48.47  0 -2.64e-07      0.00 6.887e-01 2.964e-01 2.094e-03 1.415e-03 6.512e-03 -1.000 1.488e-02 -4.050 2.889 2.781 1.615 -0.695 -2.865 -6.013 -6.965 -7.348
0.01471 0.00000 9.69897 1.2617769241 2.5149208715    1.113  3.347  3.5043  0.106    8  0.533  0.429   135.48    72.19    46.00    36.47    29.77  0 -1.28e-07      0.00 6.887e-01 2.964e-01 2.094e-03 1.415e-03 6.512e-03 -1.000 1.488e-02 -3.598 2.893 2.182 0.964 -1.030 -3.058 -5.487 -6.418 -6.756
0.01471 0.00000 9.69897 1.2617770433 2.5149208861    1.112  3.184  3.5261  0.357    8  0.533  0.429    80.66    45.91    29.85    23.51    19.17  2 -6.54e-08      0.00 6.887e-01 2.964e-01 2.094e-03 1.415e-03 6.512e-03 -1.000 1.488e-02 -3.190 2.856 1.449 0.015 -1.502 -3.223 -5.007 -5.916 -6.210
0.01471 0.00000 9.69897 1.2617774010 2.5149209300    1.111  3.003  3.5504  0.635    8  0.533  0.429    45.34    27.77    18.47    14.44    11.76  2 -3.05e-08      0.00 6.887e-01 2.964e-01 2.094e-03 1.415e-03 6.512e-03 -1.000 1.488e-02 -2.736 2.795 0.938 -0.633 -1.796 -3.086 -4.473 -5.347 -5.598
0.01471 0.00000 9.69897 1.2617778778 2.5149209885    1.110  3.021  3.5477  0.605    8  0.533  0.429    48.20    29.29    19.43    15.21    12.38  2 -3.32e-08      0.00 6.887e-01 2.964e-01 2.094e-03 1.415e-03 6.512e-03 -1.000 1.488e-02 -2.783 2.804 0.981 -0.579 -1.772 -3.108 -4.528 -5.406 -5.662
0.01471 0.00000 9.69897 1.2617785931 2.5149210762    1.108  3.135  3.5323  0.429    8  0.533  0.429    69.45    40.28    26.34    20.72    16.88  2  -5.4e-08      0.00 6.887e-01 2.964e-01 2.094e-03 1.415e-03 6.512e-03 -1.000 1.488e-02 -3.068 2.848 1.288 -0.189 -1.595 -3.211 -4.864 -5.766 -6.048
0.01471 0.00000 9.69897 1.2617794275 2.5149211785    1.106  3.286  3.5118  0.195    8  0.534  0.429   112.65    61.41    39.41    31.19    25.44  1 -1.01e-07      0.00 6.887e-01 2.964e-01 2.094e-03 1.415e-03 6.512e-03 -1.000 1.488e-02 -3.445 2.900 1.957 0.665 -1.172 -3.113 -5.309 -6.234 -6.558
0.01471 0.00000 9.69897 1.2617803812 2.5149212954    1.103  3.412  3.4944 -0.002    8  0.534  0.429   169.42    87.65    55.35    44.03    35.95  0 -1.71e-07      0.00 6.887e-01 2.964e-01 2.094e-03 1.415e-03 6.512e-03 -1.000 1.488e-02 -3.761 2.916 2.505 1.364 -0.812 -2.926 -5.680 -6.622 -6.979
0.01471 0.00000 9.69897 1.2617814541 2.5149214270    1.099  3.494  3.4831 -0.130    8  0.535  0.429   212.01   110.37    68.97    55.06    44.98  0 -2.38e-07      0.00 6.887e-01 2.964e-01 2.094e-03 1.415e-03 6.512e-03 -1.000 1.488e-02 -3.964 2.915 2.756 1.607 -0.685 -2.847 -5.918 -6.868 -7.245
0.01471 0.00000 9.69897 1.2617827654 2.5149215878    1.096  3.535  3.4771 -0.197    8  0.535  0.429   234.30   124.41    77.33    61.85    50.54  0 -2.83e-07      0.00 6.887e-01 2.964e-01 2.094e-03 1.415e-03 6.512e-03 -1.000 1.488e-02 -4.068 2.914 2.847 1.668 -0.655 -2.831 -6.038 -6.993 -7.379
0.01471 0.00000 9.69897 1.2617841959 2.5149217632    1.091  3.553  3.4743 -0.228    8  0.536  0.429   245.11   131.37    81.44    65.20    53.28  0 -3.07e-07      0.00 6.887e-01 2.964e-01 2.094e-03 1.415e-03 6.512e-03 -1.000 1.488e-02 -4.112 2.916 2.887 1.693 -0.642 -2.826 -6.090 -7.046 -7.437
0.01471 0.00000 9.69897 1.2617858648 2.5149219679    1.087  3.561  3.4727 -0.245    8  0.536  0.429   251.15   135.33    83.78    67.11    54.84  0 -3.21e-07      0.00 6.887e-01 2.964e-01 2.094e-03 1.415e-03 6.512e-03 -1.000 1.488e-02 -4.133 2.920 2.913 1.710 -0.631 -2.819 -6.117 -7.073 -7.466
0.01471 0.00000 9.69897 1.2617859840 2.5149219825    1.086  3.391  3.4959  0.018    8  0.537  0.429   161.89    84.11    53.19    42.31    34.54  0 -1.63e-07      0.00 6.887e-01 2.964e-01 2.094e-03 1.415e-03 6.512e-03 -1.000 1.488e-02 -3.708 2.937 2.484 1.334 -0.816 -2.919 -5.622 -6.563 -6.916
0.01471 0.00000 9.69897 1.2617861032 2.5149219971    1.085  3.229  3.5180  0.268    8  0.537  0.429    96.40    53.53    34.55    27.30    22.26  2 -8.49e-08      0.00 6.887e-01 2.964e-01 2.094e-03 1.415e-03 6.512e-03 -1.000 1.488e-02 -3.304 2.907 1.742 0.378 -1.307 -3.155 -5.148 -6.066 -6.376
0.01471 0.00000 9.69897 1.2617864609 2.5149220409    1.084  3.048  3.5428  0.548    8  0.537  0.429    53.95    32.29    21.32    16.72    13.62  2    -4e-08      0.00 6.887e-01 2.964e-01 2.094e-03 1.415e-03 6.512e-03 -1.000 1.488e-02 -2.851 2.843 1.088 -0.449 -1.702 -3.127 -4.611 -5.498 -5.762
0.01471 0.00000 9.69897 1.2617870569 2.5149221140    1.082  3.067  3.5401  0.518    8  0.537  0.429    57.38    34.06    22.43    17.61    14.34  2 -4.35e-08      0.00 6.887e-01 2.964e-01 2.094e-03 1.415e-03 6.512e-03 -1.000 1.488e-02 -2.897 2.854 1.136 -0.389 -1.674 -3.147 -4.666 -5.557 -5.826
0.01471 0.00000 9.69897 1.2617877722 2.5149222017    1.079  3.178  3.5246  0.343    8  0.537  0.429    82.36    46.66    30.30    23.90    19.48  2 -6.98e-08      0.00 6.887e-01 2.964e-01 2.094e-03 1.415e-03 6.512e-03 -1.000 1.488e-02 -3.175 2.898 1.535 0.114 -1.433 -3.177 -4.997 -5.908 -6.205
0.01471 0.00000 9.69897 1.2617886066 2.5149223041    1.076  3.325  3.5041  0.113    8  0.538  0.429   132.72    70.67    45.04    35.75    29.17  0 -1.28e-07      0.00 6.887e-01 2.964e-01 2.094e-03 1.415e-03 6.512e-03 -1.000 1.488e-02 -3.542 2.944 2.243 1.028 -0.968 -2.997 -5.432 -6.363 -6.701
0.01471 0.00000 9.69897 1.2617895603 2.5149224210    1.072  3.448  3.4867 -0.081    8  0.538  0.429   194.91   100.32    62.93    50.21    41.00  0 -2.12e-07      0.00 6.887e-01 2.964e-01 2.094e-03 1.415e-03 6.512e-03 -1.000 1.488e-02 -3.850 2.960 2.738 1.610 -0.659 -2.812 -5.792 -6.740 -7.111
0.01471 0.00000 9.69897 1.2617907524 2.5149225672    1.068  3.527  3.4753 -0.207    8  0.539  0.429   235.71   125.85    78.14    62.56    51.11  0 -2.93e-07      0.00 6.887e-01 2.964e-01 2.094e-03 1.415e-03 6.512e-03 -1.000 1.488e-02 -4.046 2.956 2.914 1.727 -0.600 -2.781 -6.022 -6.977 -7.366
0.01471 0.00000 9.69897 1.2617920637 2.5149227280    1.063  3.566  3.4693 -0.273    8  0.539  0.429   260.12   141.59    87.43    70.14    57.32  0 -3.47e-07      0.00 6.887e-01 2.964e-01 2.094e-03 1.415e-03 6.512e-03 -1.000 1.488e-02 -4.145 2.952 2.991 1.773 -0.578 -2.775 -6.138 -7.096 -7.494
0.01471 0.00000 9.69897 1.2617936134 2.5149229180    1.057  3.583  3.4664 -0.303    8  0.540  0.429   271.93   149.38    92.01    73.89    60.38  0 -3.76e-07      0.00 6.887e-01 2.964e-01 2.094e-03 1.415e-03 6.512e-03 -1.000 1.488e-02 -4.187 2.948 3.021 1.792 -0.570 -2.776 -6.187 -7.146 -7.547
0.01471 0.00000 9.69897 1.2617952824 2.5149231226    1.050  3.591  3.4648 -0.320    8  0.541  0.429   278.49   153.80    94.59    76.01    62.12  0 -3.95e-07      0.00 6.887e-01 2.964e-01 2.094e-03 1.415e-03 6.512e-03 -1.000 1.488e-02 -4.207 2.953 3.044 1.807 -0.561 -2.772 -6.211 -7.171 -7.574
0.01471 0.00000 9.69897 1.2617954016 2.5149231372    1.050  3.433  3.4871 -0.073    8  0.541  0.429   191.13    98.40    61.75    49.29    40.24  0 -2.12e-07      0.00 6.887e-01 2.964e-01 2.094e-03 1.415e-03 6.512e-03 -1.000 1.488e-02 -3.812 2.988 2.759 1.634 -0.632 -2.784 -5.753 -6.701 -7.071
0.01471 0.00000 9.69897 1.2617955208 2.5149231519    1.049  3.273  3.5096  0.176    8  0.541  0.429   115.94    62.68    40.14    31.83    25.96  1 -1.12e-07      0.00 6.887e-01 2.964e-01 2.094e-03 1.415e-03 6.512e-03 -1.000 1.488e-02 -3.412 2.972 2.108 0.842 -1.046 -3.018 -5.284 -6.211 -6.539
0.01471 0.00000 9.69897 1.2617959976 2.5149232103    1.046  3.092  3.5350  0.457    8  0.541  0.429    64.55    37.67    24.68    19.43    15.82  2 -5.36e-08      0.00 6.887e-01 2.964e-01 2.094e-03 1.415e-03 6.512e-03 -1.000 1.488e-02 -2.961 2.899 1.282 -0.212 -1.576 -3.141 -4.747 -5.646 -5.923
0.01471 0.00000 9.69897 1.2617964745 2.5149232688    1.043  3.111  3.5322  0.427    8  0.542  0.429    68.77    39.80    26.01    20.49    16.69  2 -5.84e-08      0.00 6.887e-01 2.964e-01 2.094e-03 1.415e-03 6.512e-03 -1.000 1.488e-02 -3.007 2.912 1.353 -0.124 -1.531 -3.149 -4.802 -5.705 -5.987
0.01471 0.00000 9.69897 1.2617971897 2.5149233565    1.039  3.219  3.5165  0.253    8  0.542  0.429    98.53    54.38    35.04    27.74    22.61  1 -9.25e-08      0.00 6.887e-01 2.964e-01 2.094e-03 1.415e-03 6.512e-03 -1.000 1.488e-02 -3.278 2.963 1.853 0.508 -1.214 -3.085 -5.128 -6.047 -6.360
0.01471 0.00000 9.69897 1.2617981434 2.5149234734    1.034  3.362  3.4957  0.026    8  0.543  0.429   158.13    81.96    51.84    41.30    33.70  0 -1.67e-07      0.00 6.887e-01 2.964e-01 2.094e-03 1.415e-03 6.512e-03 -1.000 1.488e-02 -3.634 3.006 2.560 1.414 -0.738 -2.841 -5.549 -6.490 -6.843
0.01471 0.00000 9.69897 1.2617992163 2.5149236050    1.028  3.481  3.4780 -0.167    8  0.543  0.429   218.78   115.92    72.17    57.80    47.20  0 -2.72e-07      0.00 6.887e-01 2.964e-01 2.094e-03 1.415e-03 6.512e-03 -1.000 1.488e-02 -3.932 3.015 2.937 1.768 -0.546 -2.718 -5.900 -6.854 -7.238
0.01471 0.00000 9.69897 1.2618004084 2.5149237512    1.021  3.557  3.4664 -0.292    8  0.544  0.429   264.42   145.22    89.49    71.93    58.76  0 -3.74e-07      0.00 6.887e-01 2.964e-01 2.094e-03 1.415e-03 6.512e-03 -1.000 1.488e-02 -4.123 3.002 3.075 1.849 -0.510 -2.715 -6.123 -7.082 -7.482
0.01471 0.00000 9.69897 1.2618018389 2.5149239266    1.013  3.596  3.4602 -0.359    8  0.545  0.429   292.03   163.49   100.20    80.69    65.94  0 -4.43e-07      0.01 6.887e-01 2.964e-01 2.094e-03 1.415e-03 6.512e-03 -1.000 1.488e-02 -4.219 3.007 3.149 1.891 -0.492 -2.717 -6.235 -7.197 -7.607
0.01471 0.00000 9.69897 1.2618033886 2.5149241166    1.004  3.612  3.4572 -0.391    8  0.545  0.429   305.82   172.85   105.65    85.18    69.61  0 -5.33e-07      0.01 6.887e-01 2.964e-01 2.094e-03 1.415e-03 6.512e-03 -1.000 1.488e-02 -4.259 3.027 3.195 1.930 -0.475 -2.715 -6.282 -7.245 -7.659
0.01471 0.00000 9.69897 1.2618051767 2.5149243358    0.995  3.619  3.4554 -0.410    8  0.546  0.429   313.82   178.46   108.89    87.87    71.81  0 -5.97e-07      0.01 6.887e-01 2.964e-01 2.094e-03 1.415e-03 6.512e-03 -1.000 1.488e-02 -4.278 3.044 3.227 1.958 -0.460 -2.708 -6.304 -7.268 -7.685
0.01471 0.00000 9.69897 1.2618052959 2.5149243505    0.994  3.475  3.4766 -0.181    8  0.546  0.429   220.91   117.91    73.30    58.79    48.00  0 -2.93e-07      0.00 6.887e-01 2.964e-01 2.094e-03 1.415e-03 6.512e-03 -1.000 1.488e-02 -3.917 3.054 2.994 1.818 -0.502 -2.678 -5.889 -6.844 -7.230
0.01471 0.00000 9.69897 1.2618054152 2.5149243651    0.992  3.317  3.4997  0.068    8  0.547  0.429   143.87    75.16    47.68    37.99    30.98  0 -1.58e-07      0.00 6.887e-01 2.964e-01 2.094e-03 1.415e-03 6.512e-03 -1.000 1.488e-02 -3.523 3.045 2.484 1.312 -0.774 -2.849 -5.426 -6.363 -6.709
0.01471 0.00000 9.69897 1.2618058920 2.5149244235    0.988  3.137  3.5260  0.351    8  0.547  0.429    79.56    44.99    29.20    23.10    18.81  1 -7.71e-08      0.00 6.887e-01 2.964e-01 2.094e-03 1.415e-03 6.512e-03 -1.000 1.488e-02 -3.074 2.979 1.574 0.140 -1.381 -3.104 -4.891 -5.800 -6.095
0.01471 0.00000 9.69897 1.2618063688 2.5149244820    0.982  3.156  3.5228  0.318    8  0.547  0.429    85.16    47.69    30.87    24.45    19.91  1 -8.44e-08      0.00 6.887e-01 2.964e-01 2.094e-03 1.415e-03 6.512e-03 -1.000 1.488e-02 -3.119 2.996 1.680 0.270 -1.312 -3.085 -4.947 -5.860 -6.161
0.01471 0.00000 9.69897 1.2618070841 2.5149245697    0.975  3.261  3.5065  0.144    8  0.548  0.429   122.38    65.22    41.62    33.12    26.99  0 -1.32e-07      0.00 6.887e-01 2.964e-01 2.094e-03 1.415e-03 6.512e-03 -1.000 1.488e-02 -3.383 3.057 2.282 1.045 -0.902 -2.906 -5.264 -6.194 -6.527
0.01471 0.00000 9.69897 1.2618080378 2.5149246866    0.966  3.399  3.4850 -0.084    8  0.548  0.429   188.45    98.25    61.54    49.28    40.21  0 -2.35e-07      0.00 6.887e-01 2.964e-01 2.094e-03 1.415e-03 6.512e-03 -1.000 1.488e-02 -3.727 3.097 2.906 1.773 -0.501 -2.657 -5.675 -6.624 -6.997
0.01471 0.00000 9.69897 1.2618091106 2.5149248182    0.955  3.514  3.4665 -0.278    8  0.549  0.429   252.67   139.15    85.79    69.08    56.40  0  -3.8e-07      0.00 6.887e-01 2.964e-01 2.094e-03 1.415e-03 6.512e-03 -1.000 1.488e-02 -4.016 3.098 3.170 1.948 -0.409 -2.612 -6.015 -6.974 -7.374
0.01471 0.00000 9.69897 1.2618103027 2.5149249644    0.943  3.588  3.4541 -0.407    8  0.549  0.429   306.34   175.04   106.77    86.30    70.50  0 -5.23e-07      0.01 6.887e-01 2.964e-01 2.094e-03 1.415e-03 6.512e-03 -1.000 1.488e-02 -4.200 3.115 3.314 2.051 -0.369 -2.621 -6.230 -7.193 -7.610
0.01471 0.00000 9.69897 1.2618117332 2.5149251398    0.929  3.625  3.4472 -0.478    8  0.550  0.429   339.43    -1.00    -1.00    -1.00    -1.00  0 -8.09e-07      0.02 6.887e-01 2.964e-01 2.094e-03 1.415e-03 6.512e-03 -1.000 1.488e-02 -4.292 3.162 3.413 2.144 -0.331 -2.622 -6.333 -7.298 -7.726
0.01471 0.00000 9.69897 1.2618132830 2.5149253298    0.913  3.641  3.4436 -0.516    8  0.551  0.429   329.37    -1.00    -1.00    -1.00    -1.00  0 -1.01e-06      0.03 6.887e-01 2.964e-01 2.094e-03 1.415e-03 6.512e-03 -1.000 1.488e-02 -4.331 3.218 3.483 2.212 -0.299 -2.612 -6.375 -7.342 -7.777
0.01471 0.00000 9.69897 1.2618150711 2.5149255490    0.897  3.648  3.4413 -0.540    8  0.552  0.429   318.53    -1.00    -1.00    -1.00    -1.00  0 -1.16e-06      0.03 6.887e-01 2.964e-01 2.094e-03 1.415e-03 6.512e-03 -1.000 1.488e-02 -4.351 3.275 3.542 2.266 -0.270 -2.598 -6.393 -7.363 -7.804
0.01471 0.00000 9.69897 1.2618151903 2.5149255637    0.895  3.518  3.4620 -0.328    8  0.552  0.429   266.27   149.67    91.84    74.20    60.57  0 -4.64e-07      0.01 6.887e-01 2.964e-01 2.094e-03 1.415e-03 6.512e-03 -1.000 1.488e-02 -4.024 3.165 3.285 2.040 -0.334 -2.552 -6.034 -6.996 -7.402
0.01471 0.00000 9.69897 1.2618153095 2.5149255783    0.891  3.362  3.4865 -0.077    8  0.552  0.429   180.77    94.92    59.44    47.72    38.90  0 -2.59e-07      0.00 6.887e-01 2.964e-01 2.094e-03 1.415e-03 6.512e-03 -1.000 1.488e-02 -3.636 3.176 2.955 1.827 -0.442 -2.595 -5.578 -6.527 -6.898
0.01471 0.00000 9.69897 1.2618156672 2.5149256221    0.884  3.183  3.5150  0.213    8  0.553  0.429   103.99    56.10    35.97    28.66    23.33  0  -1.3e-07      0.00 6.887e-01 2.964e-01 2.094e-03 1.415e-03 6.512e-03 -1.000 1.488e-02 -3.188 3.107 2.040 0.704 -1.057 -2.951 -5.042 -5.963 -6.281
0.01471 0.00000 9.69897 1.2618162632 2.5149256952    0.874  3.201  3.5120  0.178    8  0.553  0.429   111.71    59.59    38.09    30.39    24.74  0 -1.45e-07      0.00 6.887e-01 2.964e-01 2.094e-03 1.415e-03 6.512e-03 -1.000 1.488e-02 -3.233 3.128 2.171 0.870 -0.966 -2.906 -5.096 -6.020 -6.345
0.01471 0.00000 9.69897 1.2618169785 2.5149257829    0.861  3.303  3.4950  0.002    8  0.553  0.429   158.26    81.67    51.45    41.26    33.62  0 -2.28e-07      0.00 6.887e-01 2.964e-01 2.094e-03 1.415e-03 6.512e-03 -1.000 1.488e-02 -3.488 3.186 2.756 1.608 -0.559 -2.670 -5.405 -6.345 -6.702
0.01471 0.00000 9.69897 1.2618178129 2.5149258852    0.845  3.436  3.4727 -0.229    8  0.554  0.429   223.89   123.24    76.18    61.51    50.16  0 -4.04e-07      0.01 6.887e-01 2.964e-01 2.094e-03 1.415e-03 6.512e-03 -1.000 1.488e-02 -3.820 3.229 3.218 2.017 -0.322 -2.509 -5.801 -6.759 -7.152
0.01471 0.00000 9.69897 1.2618187666 2.5149260022    0.826  3.547  3.4538 -0.425    8  0.555  0.429   274.59    -1.00    -1.00    -1.00    -1.00  0 -6.59e-07      0.01 6.887e-01 2.964e-01 2.094e-03 1.415e-03 6.512e-03 -1.000 1.488e-02 -4.098 3.261 3.456 2.182 -0.248 -2.505 -6.126 -7.090 -7.511
0.01471 0.00000 9.69897 1.2618199587 2.5149261483    0.805  3.618  3.4416 -0.556    8  0.555  0.429   261.98    -1.00    -1.00    -1.00    -1.00  0 -1.21e-06      0.04 6.887e-01 2.964e-01 2.094e-03 1.415e-03 6.512e-03 -1.000 1.488e-02 -4.274 3.384 3.642 2.355 -0.186 -2.515 -6.315 -7.285 -7.729
0.01471 0.00000 9.69897 1.2618213892 2.5149263237    0.781  3.653  3.4358 -0.627    8  0.556  0.429   248.28    -1.00    -1.00    -1.00    -1.00  0 -1.92e-06      0.08 6.887e-01 2.964e-01 2.094e-03 1.415e-03 6.512e-03 -1.000 1.488e-02 -4.363 3.604 3.828 2.510 -0.120 -2.495 -6.387 -7.371 -7.837
0.01471 0.00000 9.69897 1.2618229389 2.5149265137    0.756  3.668  3.4345 -0.662    8  0.557  0.429   233.71    -1.00    -1.00    -1.00    -1.00  0 -2.48e-06      0.12 6.887e-01 2.964e-01 2.094e-03 1.415e-03 6.512e-03 -1.000 1.488e-02 -4.400 3.811 3.970 2.606 -0.074 -2.469 -6.401 -7.398 -7.881
0.01471 0.00000 9.69897 1.2618246078 2.5149267184    0.728  3.675  3.4356 -0.681    8  0.558  0.429   218.50    -1.00    -1.00    -1.00    -1.00  0 -2.97e-06      0.16 6.887e-01 2.964e-01 2.094e-03 1.415e-03 6.512e-03 -1.000 1.488e-02 -4.418 4.030 4.099 2.674 -0.038 -2.442 -6.389 -7.400 -7.900
0.01471 0.00000 9.69897 1.2618312836 2.5149275369    0.561 -9.999  4.0000  1.656    9  0.562  0.000     0.00     0.00     0.00     0.00     0.00 -1    -1e-30      0.00 6.887e-01 2.964e-01 2.094e-03 1.415e-03 6.512e-03 -1.000 1.488e-02 29.767 29.721 29.984 30.033 30.021 30.018 30.067 30.065 30.083
#isochrone terminated
